## MHD3D Solution... outputLevel and fileID:
0000,00000000
## grid: nElems, gridType #################################################################################
       5,       0
## grid: sp(0:nElems)
  0.000000000000000E+00,  0.200000000000000E+00,  0.400000000000000E+00,  0.600000000000000E+00,  0.800000000000000E+00,  0.100000000000000E+01
## global: nfp,degGP,mn_nyq(2),hmap #######################################################################
       1,       5,      81,       5,       1
## X1_base: s%nbase,s%deg,s%continuity,f%modes,f%sin_cos,f%excl_mn_zero ###################################
       8,       3,       2,     123,       3,       0
## X2_base: s%nbase,s%deg,s%continuity,f%modes,f%sin_cos,f%excl_mn_zero ###################################
       8,       3,       2,     123,       3,       0
## LA_base: s%nbase,s%deg,s%continuity,f%modes,f%sin_cos,f%excl_mn_zero ###################################
       8,       3,       2,      16,       1,       1
## X1: m,n,X1(1:nbase,iMode) ##############################################################################
       0,       1,  0.371457440945954E-02,  0.371457440945954E-02,  0.356051354914485E-02,  0.286723967772876E-02,  0.171178322536860E-02,  0.941441920643752E-04, -0.129240355076782E-02, -0.206270785234125E-02
       1,      -1,  0.000000000000000E+00,  0.000000000000000E+00,  0.000000000000000E+00,  0.000000000000000E+00,  0.000000000000000E+00,  0.000000000000000E+00,  0.000000000000000E+00,  0.000000000000000E+00
       1,       0,  0.000000000000000E+00,  0.123345036989950E-01,  0.370035110969849E-01,  0.740070221939699E-01,  0.111010533290955E+00,  0.148014044387940E+00,  0.172683051785930E+00,  0.185017555484925E+00
       1,       1,  0.000000000000000E+00, -0.860665500665212E-04, -0.258199650199563E-03, -0.516399300399127E-03, -0.774598950598691E-03, -0.103279860079825E-02, -0.120493170093130E-02, -0.129099825099782E-02
       2,      -1,  0.000000000000000E+00,  0.000000000000000E+00,  0.000000000000000E+00,  0.000000000000000E+00,  0.000000000000000E+00,  0.000000000000000E+00,  0.000000000000000E+00,  0.000000000000000E+00
       2,       0,  0.000000000000000E+00,  0.000000000000000E+00,  0.281552977001319E-02,  0.154854137350725E-01,  0.366018870101714E-01,  0.661649495953099E-01,  0.915047175254286E-01,  0.105582366375495E+00
       2,       1,  0.000000000000000E+00,  0.000000000000000E+00,  0.141749666840465E-02,  0.779623167622555E-02,  0.184274566892604E-01,  0.333111717075091E-01,  0.460686417231510E-01,  0.531561250651742E-01
       3,      -1,  0.000000000000000E+00,  0.000000000000000E+00,  0.000000000000000E+00,  0.000000000000000E+00,  0.000000000000000E+00,  0.000000000000000E+00,  0.000000000000000E+00,  0.000000000000000E+00
       3,       0,  0.000000000000000E+00,  0.000000000000000E+00,  0.000000000000000E+00, -0.307804406262862E-02, -0.123121762505145E-01, -0.307804406262862E-01, -0.513007343771437E-01, -0.641259179714296E-01
       3,       1,  0.000000000000000E+00,  0.000000000000000E+00,  0.000000000000000E+00, -0.815153890494520E-03, -0.326061556197808E-02, -0.815153890494520E-02, -0.135858981749087E-01, -0.169823727186358E-01
       4,      -1,  0.000000000000000E+00,  0.000000000000000E+00,  0.000000000000000E+00,  0.000000000000000E+00,  0.000000000000000E+00,  0.000000000000000E+00,  0.000000000000000E+00,  0.000000000000000E+00
       4,       0,  0.000000000000000E+00,  0.000000000000000E+00,  0.000000000000000E+00,  0.000000000000000E+00,  0.119049887997781E-02,  0.421544526930118E-02,  0.861608110953352E-02,  0.117466955512826E-01
       4,       1,  0.000000000000000E+00,  0.000000000000000E+00,  0.000000000000000E+00,  0.000000000000000E+00, -0.372786628688085E-02, -0.132000261133485E-01, -0.269799483506104E-01, -0.367829916217106E-01
       5,      -1,  0.000000000000000E+00,  0.000000000000000E+00,  0.000000000000000E+00,  0.000000000000000E+00,  0.000000000000000E+00,  0.000000000000000E+00,  0.000000000000000E+00,  0.000000000000000E+00
       5,       0,  0.000000000000000E+00,  0.000000000000000E+00,  0.000000000000000E+00,  0.000000000000000E+00,  0.624610053502290E-03,  0.322205938512951E-02,  0.823196697077427E-02,  0.123340700061121E-01
       5,       1,  0.000000000000000E+00,  0.000000000000000E+00,  0.000000000000000E+00,  0.000000000000000E+00,  0.158635816106866E-02,  0.818324996914144E-02,  0.209072010809181E-01,  0.313255486421920E-01
       6,      -1,  0.000000000000000E+00,  0.000000000000000E+00,  0.000000000000000E+00,  0.000000000000000E+00,  0.000000000000000E+00,  0.000000000000000E+00,  0.000000000000000E+00,  0.000000000000000E+00
       6,       0,  0.000000000000000E+00,  0.000000000000000E+00,  0.000000000000000E+00,  0.000000000000000E+00, -0.515570360941783E-04, -0.399601934845331E-03, -0.130394561491565E-02, -0.216552876181686E-02
       6,       1,  0.000000000000000E+00,  0.000000000000000E+00,  0.000000000000000E+00,  0.000000000000000E+00, -0.174246468832906E-03, -0.135052810170091E-02, -0.440692359689116E-02, -0.731880201983314E-02
       7,      -1,  0.000000000000000E+00,  0.000000000000000E+00,  0.000000000000000E+00,  0.000000000000000E+00,  0.000000000000000E+00,  0.000000000000000E+00,  0.000000000000000E+00,  0.000000000000000E+00
       7,       0,  0.000000000000000E+00,  0.000000000000000E+00,  0.000000000000000E+00,  0.000000000000000E+00, -0.928204422942850E-04, -0.110618301396689E-02, -0.472698671416984E-02, -0.878567780052276E-02
       7,       1,  0.000000000000000E+00,  0.000000000000000E+00,  0.000000000000000E+00,  0.000000000000000E+00, -0.684882655246526E-05, -0.816205505024728E-04, -0.348784290625499E-03, -0.648257882793242E-03
       8,      -1,  0.000000000000000E+00,  0.000000000000000E+00,  0.000000000000000E+00,  0.000000000000000E+00,  0.000000000000000E+00,  0.000000000000000E+00,  0.000000000000000E+00,  0.000000000000000E+00
       8,       0,  0.000000000000000E+00,  0.000000000000000E+00,  0.000000000000000E+00,  0.000000000000000E+00, -0.895037524204907E-05, -0.160174378719373E-03, -0.922928370713358E-03, -0.194107816301772E-02
       8,       1,  0.000000000000000E+00,  0.000000000000000E+00,  0.000000000000000E+00,  0.000000000000000E+00, -0.330859790819163E-05, -0.592101001405043E-04, -0.341169927983250E-03, -0.717539430036973E-03
       9,      -1,  0.000000000000000E+00,  0.000000000000000E+00,  0.000000000000000E+00,  0.000000000000000E+00,  0.000000000000000E+00,  0.000000000000000E+00,  0.000000000000000E+00,  0.000000000000000E+00
       9,       0,  0.000000000000000E+00,  0.000000000000000E+00,  0.000000000000000E+00,  0.000000000000000E+00,  0.966277431264459E-05,  0.222936571123562E-03,  0.178903262742222E-02,  0.431325251159376E-02
       9,       1,  0.000000000000000E+00,  0.000000000000000E+00,  0.000000000000000E+00,  0.000000000000000E+00,  0.267490814849478E-06,  0.617146620009086E-05,  0.495250928788911E-04,  0.119402088018139E-03
      10,      -1,  0.000000000000000E+00,  0.000000000000000E+00,  0.000000000000000E+00,  0.000000000000000E+00,  0.000000000000000E+00,  0.000000000000000E+00,  0.000000000000000E+00,  0.000000000000000E+00
      10,       0,  0.000000000000000E+00,  0.000000000000000E+00,  0.000000000000000E+00,  0.000000000000000E+00,  0.257021437113993E-05,  0.584247835831336E-04,  0.670884189295281E-03,  0.188341867311397E-02
      10,       1,  0.000000000000000E+00,  0.000000000000000E+00,  0.000000000000000E+00,  0.000000000000000E+00,  0.535233343147889E-06,  0.121666474948635E-04,  0.139708030401492E-03,  0.392211826483110E-03
      11,      -1,  0.000000000000000E+00,  0.000000000000000E+00,  0.000000000000000E+00,  0.000000000000000E+00,  0.000000000000000E+00,  0.000000000000000E+00,  0.000000000000000E+00,  0.000000000000000E+00
      11,       0,  0.000000000000000E+00,  0.000000000000000E+00,  0.000000000000000E+00,  0.000000000000000E+00, -0.200757476791335E-05, -0.425689949877527E-04, -0.691916826764792E-03, -0.230671973233933E-02
      11,       1,  0.000000000000000E+00,  0.000000000000000E+00,  0.000000000000000E+00,  0.000000000000000E+00, -0.549880497561005E-08, -0.116597700462568E-06, -0.189518007026811E-05, -0.631817162889981E-05
      12,      -1,  0.000000000000000E+00,  0.000000000000000E+00,  0.000000000000000E+00,  0.000000000000000E+00,  0.000000000000000E+00,  0.000000000000000E+00,  0.000000000000000E+00,  0.000000000000000E+00
      12,       0,  0.000000000000000E+00,  0.000000000000000E+00,  0.000000000000000E+00,  0.000000000000000E+00, -0.443903846315785E-06, -0.257362636446681E-04, -0.517346945501585E-03, -0.210163912283565E-02
      12,       1,  0.000000000000000E+00,  0.000000000000000E+00,  0.000000000000000E+00,  0.000000000000000E+00, -0.506257496548557E-07, -0.293513482962623E-05, -0.590016895889634E-04, -0.239684915957797E-03
      13,      -1,  0.000000000000000E+00,  0.000000000000000E+00,  0.000000000000000E+00,  0.000000000000000E+00,  0.000000000000000E+00,  0.000000000000000E+00,  0.000000000000000E+00,  0.000000000000000E+00
      13,       0,  0.000000000000000E+00,  0.000000000000000E+00,  0.000000000000000E+00,  0.000000000000000E+00, -0.375071999994072E-06,  0.489729427512517E-05,  0.871396947006415E-04,  0.447092437188701E-03
      13,       1,  0.000000000000000E+00,  0.000000000000000E+00,  0.000000000000000E+00,  0.000000000000000E+00,  0.519835950594386E-07, -0.678746913896626E-06, -0.120772401112127E-04, -0.619653618753784E-04
      14,      -1,  0.000000000000000E+00,  0.000000000000000E+00,  0.000000000000000E+00,  0.000000000000000E+00,  0.000000000000000E+00,  0.000000000000000E+00,  0.000000000000000E+00,  0.000000000000000E+00
      14,       0,  0.000000000000000E+00,  0.000000000000000E+00,  0.000000000000000E+00,  0.000000000000000E+00, -0.259919197489997E-05,  0.149222836327477E-04,  0.162793198646229E-03,  0.111344357836765E-02
      14,       1,  0.000000000000000E+00,  0.000000000000000E+00,  0.000000000000000E+00,  0.000000000000000E+00, -0.239331583488021E-06,  0.137403231680120E-05,  0.149898716175366E-04,  0.102525022125599E-03
      15,      -1,  0.000000000000000E+00,  0.000000000000000E+00,  0.000000000000000E+00,  0.000000000000000E+00,  0.000000000000000E+00,  0.000000000000000E+00,  0.000000000000000E+00,  0.000000000000000E+00
      15,       0,  0.000000000000000E+00,  0.000000000000000E+00,  0.000000000000000E+00,  0.000000000000000E+00,  0.770726942561624E-06, -0.338598549745547E-05, -0.181757122598396E-04, -0.181632679567144E-03
      15,       1,  0.000000000000000E+00,  0.000000000000000E+00,  0.000000000000000E+00,  0.000000000000000E+00, -0.163828209497929E-06,  0.719736019076215E-06,  0.386348813236278E-05,  0.386084293107700E-04
      16,      -1,  0.000000000000000E+00,  0.000000000000000E+00,  0.000000000000000E+00,  0.000000000000000E+00,  0.000000000000000E+00,  0.000000000000000E+00,  0.000000000000000E+00,  0.000000000000000E+00
      16,       0,  0.000000000000000E+00,  0.000000000000000E+00,  0.000000000000000E+00,  0.000000000000000E+00,  0.628342622299689E-05, -0.250662404388999E-04, -0.546010869215845E-04, -0.967226569625325E-03
      16,       1,  0.000000000000000E+00,  0.000000000000000E+00,  0.000000000000000E+00,  0.000000000000000E+00,  0.394370365530291E-06, -0.157324715108126E-05, -0.342696004431579E-05, -0.607066085088555E-04
      17,      -1,  0.000000000000000E+00,  0.000000000000000E+00,  0.000000000000000E+00,  0.000000000000000E+00,  0.000000000000000E+00,  0.000000000000000E+00,  0.000000000000000E+00,  0.000000000000000E+00
      17,       0,  0.000000000000000E+00,  0.000000000000000E+00,  0.000000000000000E+00,  0.000000000000000E+00,  0.371120856432706E-05, -0.142564873803614E-04, -0.629832191593195E-05, -0.411774171359298E-03
      17,       1,  0.000000000000000E+00,  0.000000000000000E+00,  0.000000000000000E+00,  0.000000000000000E+00,  0.574205609685512E-06, -0.220579223353312E-05, -0.974488960414754E-06, -0.637105231408590E-04
      18,      -1,  0.000000000000000E+00,  0.000000000000000E+00,  0.000000000000000E+00,  0.000000000000000E+00,  0.000000000000000E+00,  0.000000000000000E+00,  0.000000000000000E+00,  0.000000000000000E+00
      18,       0,  0.000000000000000E+00,  0.000000000000000E+00,  0.000000000000000E+00,  0.000000000000000E+00, -0.298440783021309E-05,  0.112835176361100E-04, -0.598058891370723E-05,  0.254768618475907E-03
      18,       1,  0.000000000000000E+00,  0.000000000000000E+00,  0.000000000000000E+00,  0.000000000000000E+00,  0.172340031444480E-07, -0.651587147213955E-07,  0.345359930707336E-07, -0.147120749633167E-05
      19,      -1,  0.000000000000000E+00,  0.000000000000000E+00,  0.000000000000000E+00,  0.000000000000000E+00,  0.000000000000000E+00,  0.000000000000000E+00,  0.000000000000000E+00,  0.000000000000000E+00
      19,       0,  0.000000000000000E+00,  0.000000000000000E+00,  0.000000000000000E+00,  0.000000000000000E+00, -0.200970965921553E-05,  0.754439293103091E-05, -0.829103821570794E-05,  0.138304972518881E-03
      19,       1,  0.000000000000000E+00,  0.000000000000000E+00,  0.000000000000000E+00,  0.000000000000000E+00, -0.252474506745446E-06,  0.947782121273862E-06, -0.104158119274582E-05,  0.173748877391460E-04
      20,      -1,  0.000000000000000E+00,  0.000000000000000E+00,  0.000000000000000E+00,  0.000000000000000E+00,  0.000000000000000E+00,  0.000000000000000E+00,  0.000000000000000E+00,  0.000000000000000E+00
      20,       0,  0.000000000000000E+00,  0.000000000000000E+00,  0.000000000000000E+00,  0.000000000000000E+00,  0.515330866344652E-05, -0.192806759164844E-04,  0.278977792122966E-04, -0.296093997494779E-03
      20,       1,  0.000000000000000E+00,  0.000000000000000E+00,  0.000000000000000E+00,  0.000000000000000E+00,  0.243485253892930E-06, -0.910979833995194E-06,  0.131812361691760E-05, -0.139899483738613E-04
       0,       0,  0.852471871995455E+01,  0.852471871995455E+01,  0.852347843057681E+01,  0.851789712837698E+01,  0.850859495804393E+01,  0.849557191957765E+01,  0.848440931517799E+01,  0.847820786828928E+01
       0,       1, -0.507724357397675E-02, -0.507724357397675E-02, -0.481514093619807E-02, -0.363567906619404E-02, -0.166990928285399E-02,  0.108216841382207E-02,  0.344109215383014E-02,  0.475160534272350E-02
       1,      -1,  0.000000000000000E+00,  0.000000000000000E+00,  0.000000000000000E+00,  0.000000000000000E+00,  0.000000000000000E+00,  0.000000000000000E+00,  0.000000000000000E+00,  0.000000000000000E+00
       1,       0,  0.000000000000000E+00, -0.199414764170961E+00, -0.598244292512884E+00, -0.119648858502577E+01, -0.179473287753865E+01, -0.239297717005154E+01, -0.279180669839346E+01, -0.299122146256442E+01
       1,       1,  0.000000000000000E+00, -0.196246701348248E-02, -0.588740104044744E-02, -0.117748020808949E-01, -0.176622031213423E-01, -0.235496041617898E-01, -0.274745381887548E-01, -0.294370052022372E-01
       2,      -1,  0.000000000000000E+00,  0.000000000000000E+00,  0.000000000000000E+00,  0.000000000000000E+00,  0.000000000000000E+00,  0.000000000000000E+00,  0.000000000000000E+00,  0.000000000000000E+00
       2,       0,  0.000000000000000E+00,  0.000000000000000E+00,  0.531471104116995E-02,  0.292309107264347E-01,  0.690912435352093E-01,  0.124895709467494E+00,  0.172728108838023E+00,  0.199301664043873E+00
       2,       1,  0.000000000000000E+00,  0.000000000000000E+00,  0.178376520657358E-02,  0.981070863615469E-02,  0.231889476854565E-01,  0.419184823544791E-01,  0.579723692136414E-01,  0.668911952465092E-01
       3,      -1,  0.000000000000000E+00,  0.000000000000000E+00,  0.000000000000000E+00,  0.000000000000000E+00,  0.000000000000000E+00,  0.000000000000000E+00,  0.000000000000000E+00,  0.000000000000000E+00
       3,       0,  0.000000000000000E+00,  0.000000000000000E+00,  0.000000000000000E+00,  0.811805939490554E-02,  0.324722375796222E-01,  0.811805939490553E-01,  0.135300989915092E+00,  0.169126237393865E+00
       3,       1,  0.000000000000000E+00,  0.000000000000000E+00,  0.000000000000000E+00,  0.378535156789896E-03,  0.151414062715958E-02,  0.378535156789896E-02,  0.630891927983161E-02,  0.788614909978950E-02
       4,      -1,  0.000000000000000E+00,  0.000000000000000E+00,  0.000000000000000E+00,  0.000000000000000E+00,  0.000000000000000E+00,  0.000000000000000E+00,  0.000000000000000E+00,  0.000000000000000E+00
       4,       0,  0.000000000000000E+00,  0.000000000000000E+00,  0.000000000000000E+00,  0.000000000000000E+00,  0.164747045671249E-02,  0.583353891369604E-02,  0.119233535783415E-01,  0.162556506437829E-01
       4,       1,  0.000000000000000E+00,  0.000000000000000E+00,  0.000000000000000E+00,  0.000000000000000E+00, -0.774663145406383E-02, -0.274300979742724E-01, -0.560652395868876E-01, -0.764362930274856E-01
       5,      -1,  0.000000000000000E+00,  0.000000000000000E+00,  0.000000000000000E+00,  0.000000000000000E+00,  0.000000000000000E+00,  0.000000000000000E+00,  0.000000000000000E+00,  0.000000000000000E+00
       5,       0,  0.000000000000000E+00,  0.000000000000000E+00,  0.000000000000000E+00,  0.000000000000000E+00, -0.181513292398173E-02, -0.936338766912185E-02, -0.239223083170045E-01, -0.358431255296911E-01
       5,       1,  0.000000000000000E+00,  0.000000000000000E+00,  0.000000000000000E+00,  0.000000000000000E+00,  0.725035523904406E-03,  0.374010552864069E-02,  0.955551139779597E-02,  0.143171549330855E-01
       6,      -1,  0.000000000000000E+00,  0.000000000000000E+00,  0.000000000000000E+00,  0.000000000000000E+00,  0.000000000000000E+00,  0.000000000000000E+00,  0.000000000000000E+00,  0.000000000000000E+00
       6,       0,  0.000000000000000E+00,  0.000000000000000E+00,  0.000000000000000E+00,  0.000000000000000E+00, -0.438074708172245E-03, -0.339537557342633E-02, -0.110794886207811E-01, -0.184002699192912E-01
       6,       1,  0.000000000000000E+00,  0.000000000000000E+00,  0.000000000000000E+00,  0.000000000000000E+00, -0.468655237965581E-04, -0.363239538293770E-03, -0.118529106548364E-02, -0.196847312040342E-02
       7,      -1,  0.000000000000000E+00,  0.000000000000000E+00,  0.000000000000000E+00,  0.000000000000000E+00,  0.000000000000000E+00,  0.000000000000000E+00,  0.000000000000000E+00,  0.000000000000000E+00
       7,       0,  0.000000000000000E+00,  0.000000000000000E+00,  0.000000000000000E+00,  0.000000000000000E+00,  0.102208577775858E-03,  0.121806565259525E-02,  0.520508820340349E-02,  0.967428737240192E-02
       7,       1,  0.000000000000000E+00,  0.000000000000000E+00,  0.000000000000000E+00,  0.000000000000000E+00, -0.414425833370349E-04, -0.493889929946584E-03, -0.211051074518638E-02, -0.392264005019637E-02
       8,      -1,  0.000000000000000E+00,  0.000000000000000E+00,  0.000000000000000E+00,  0.000000000000000E+00,  0.000000000000000E+00,  0.000000000000000E+00,  0.000000000000000E+00,  0.000000000000000E+00
       8,       0,  0.000000000000000E+00,  0.000000000000000E+00,  0.000000000000000E+00,  0.000000000000000E+00,  0.455938260606630E-04,  0.815939283572877E-03,  0.470146049330583E-02,  0.988798544657675E-02
       8,       1,  0.000000000000000E+00,  0.000000000000000E+00,  0.000000000000000E+00,  0.000000000000000E+00,  0.106784774476764E-04,  0.191100199108392E-03,  0.110112364297109E-02,  0.231585367399820E-02
       9,      -1,  0.000000000000000E+00,  0.000000000000000E+00,  0.000000000000000E+00,  0.000000000000000E+00,  0.000000000000000E+00,  0.000000000000000E+00,  0.000000000000000E+00,  0.000000000000000E+00
       9,       0,  0.000000000000000E+00,  0.000000000000000E+00,  0.000000000000000E+00,  0.000000000000000E+00, -0.228972004053344E-05, -0.528277198817996E-04, -0.423934547950317E-03, -0.102208127770859E-02
       9,       1,  0.000000000000000E+00,  0.000000000000000E+00,  0.000000000000000E+00,  0.000000000000000E+00,  0.263260946254886E-05,  0.607387596665755E-04,  0.487419458570726E-03,  0.117513966579195E-02
      10,      -1,  0.000000000000000E+00,  0.000000000000000E+00,  0.000000000000000E+00,  0.000000000000000E+00,  0.000000000000000E+00,  0.000000000000000E+00,  0.000000000000000E+00,  0.000000000000000E+00
      10,       0,  0.000000000000000E+00,  0.000000000000000E+00,  0.000000000000000E+00,  0.000000000000000E+00, -0.643362988932741E-05, -0.146245946703356E-03, -0.167932318058472E-02, -0.471447782936841E-02
      10,       1,  0.000000000000000E+00,  0.000000000000000E+00,  0.000000000000000E+00,  0.000000000000000E+00, -0.414583872652683E-06, -0.942410614023864E-05, -0.108215784808691E-03, -0.303801510136147E-03
      11,      -1,  0.000000000000000E+00,  0.000000000000000E+00,  0.000000000000000E+00,  0.000000000000000E+00,  0.000000000000000E+00,  0.000000000000000E+00,  0.000000000000000E+00,  0.000000000000000E+00
      11,       0,  0.000000000000000E+00,  0.000000000000000E+00,  0.000000000000000E+00,  0.000000000000000E+00, -0.842461007964945E-06, -0.178637025124166E-04, -0.290356781037879E-03, -0.967994548376964E-03
      11,       1,  0.000000000000000E+00,  0.000000000000000E+00,  0.000000000000000E+00,  0.000000000000000E+00, -0.384108529106961E-06, -0.814470988161627E-05, -0.132384187548452E-03, -0.441343823210030E-03
      12,      -1,  0.000000000000000E+00,  0.000000000000000E+00,  0.000000000000000E+00,  0.000000000000000E+00,  0.000000000000000E+00,  0.000000000000000E+00,  0.000000000000000E+00,  0.000000000000000E+00
      12,       0,  0.000000000000000E+00,  0.000000000000000E+00,  0.000000000000000E+00,  0.000000000000000E+00,  0.452702578517266E-06,  0.262463887394504E-04,  0.527601412243651E-03,  0.214329625191766E-02
      12,       1,  0.000000000000000E+00,  0.000000000000000E+00,  0.000000000000000E+00,  0.000000000000000E+00,  0.263188283978714E-07,  0.152588969906046E-05,  0.306732315879423E-04,  0.124605091591906E-03
      13,      -1,  0.000000000000000E+00,  0.000000000000000E+00,  0.000000000000000E+00,  0.000000000000000E+00,  0.000000000000000E+00,  0.000000000000000E+00,  0.000000000000000E+00,  0.000000000000000E+00
      13,       0,  0.000000000000000E+00,  0.000000000000000E+00,  0.000000000000000E+00,  0.000000000000000E+00, -0.110299435038052E-05,  0.144017359805566E-04,  0.256256374643297E-03,  0.131478871343313E-02
      13,       1,  0.000000000000000E+00,  0.000000000000000E+00,  0.000000000000000E+00,  0.000000000000000E+00, -0.283476966041368E-06,  0.370134300333332E-05,  0.658596116902905E-04,  0.337909541731463E-03
      14,      -1,  0.000000000000000E+00,  0.000000000000000E+00,  0.000000000000000E+00,  0.000000000000000E+00,  0.000000000000000E+00,  0.000000000000000E+00,  0.000000000000000E+00,  0.000000000000000E+00
      14,       0,  0.000000000000000E+00,  0.000000000000000E+00,  0.000000000000000E+00,  0.000000000000000E+00,  0.152348476097365E-05, -0.874651504504305E-05, -0.954192532612878E-04, -0.652631410156758E-03
      14,       1,  0.000000000000000E+00,  0.000000000000000E+00,  0.000000000000000E+00,  0.000000000000000E+00, -0.309049099786210E-06,  0.177428922834092E-05,  0.193564353763716E-04,  0.132390657896866E-03
      15,      -1,  0.000000000000000E+00,  0.000000000000000E+00,  0.000000000000000E+00,  0.000000000000000E+00,  0.000000000000000E+00,  0.000000000000000E+00,  0.000000000000000E+00,  0.000000000000000E+00
      15,       0,  0.000000000000000E+00,  0.000000000000000E+00,  0.000000000000000E+00,  0.000000000000000E+00,  0.400600685830059E-05, -0.175993343113581E-04, -0.944718861461020E-04, -0.944072044009687E-03
      15,       1,  0.000000000000000E+00,  0.000000000000000E+00,  0.000000000000000E+00,  0.000000000000000E+00,  0.190705857905582E-06, -0.837815876790212E-06, -0.449733181512672E-05, -0.449425264224139E-04
      16,      -1,  0.000000000000000E+00,  0.000000000000000E+00,  0.000000000000000E+00,  0.000000000000000E+00,  0.000000000000000E+00,  0.000000000000000E+00,  0.000000000000000E+00,  0.000000000000000E+00
      16,       0,  0.000000000000000E+00,  0.000000000000000E+00,  0.000000000000000E+00,  0.000000000000000E+00, -0.300735533973203E-06,  0.119971317169343E-05,  0.261330147727080E-05,  0.462931191623994E-04
      16,       1,  0.000000000000000E+00,  0.000000000000000E+00,  0.000000000000000E+00,  0.000000000000000E+00,  0.294110934085140E-07, -0.117328589973821E-06, -0.255573569365660E-06, -0.452733747112877E-05
      17,      -1,  0.000000000000000E+00,  0.000000000000000E+00,  0.000000000000000E+00,  0.000000000000000E+00,  0.000000000000000E+00,  0.000000000000000E+00,  0.000000000000000E+00,  0.000000000000000E+00
      17,       0,  0.000000000000000E+00,  0.000000000000000E+00,  0.000000000000000E+00,  0.000000000000000E+00, -0.522694456304959E-05,  0.200791380784273E-04,  0.887068967539598E-05,  0.579951444087328E-03
      17,       1,  0.000000000000000E+00,  0.000000000000000E+00,  0.000000000000000E+00,  0.000000000000000E+00, -0.822308540462363E-06,  0.315887159847369E-05,  0.139554644054106E-05,  0.912385849465083E-04
      18,      -1,  0.000000000000000E+00,  0.000000000000000E+00,  0.000000000000000E+00,  0.000000000000000E+00,  0.000000000000000E+00,  0.000000000000000E+00,  0.000000000000000E+00,  0.000000000000000E+00
      18,       0,  0.000000000000000E+00,  0.000000000000000E+00,  0.000000000000000E+00,  0.000000000000000E+00, -0.228508106497742E-05,  0.863948694799287E-05, -0.457917659435659E-05,  0.195069500936199E-03
      18,       1,  0.000000000000000E+00,  0.000000000000000E+00,  0.000000000000000E+00,  0.000000000000000E+00, -0.112206372103693E-05,  0.424232427518304E-05, -0.224855389487014E-05,  0.957867155944640E-04
      19,      -1,  0.000000000000000E+00,  0.000000000000000E+00,  0.000000000000000E+00,  0.000000000000000E+00,  0.000000000000000E+00,  0.000000000000000E+00,  0.000000000000000E+00,  0.000000000000000E+00
      19,       0,  0.000000000000000E+00,  0.000000000000000E+00,  0.000000000000000E+00,  0.000000000000000E+00,  0.416000144928228E-05, -0.156165271849738E-04,  0.171620466843271E-04, -0.286284580204523E-03
      19,       1,  0.000000000000000E+00,  0.000000000000000E+00,  0.000000000000000E+00,  0.000000000000000E+00, -0.553119009910911E-06,  0.207639303978843E-05, -0.228188725071660E-05,  0.380647568242569E-04
      20,      -1,  0.000000000000000E+00,  0.000000000000000E+00,  0.000000000000000E+00,  0.000000000000000E+00,  0.000000000000000E+00,  0.000000000000000E+00,  0.000000000000000E+00,  0.000000000000000E+00
      20,       0,  0.000000000000000E+00,  0.000000000000000E+00,  0.000000000000000E+00,  0.000000000000000E+00,  0.401485598328025E-05, -0.150212498649778E-04,  0.217346899061566E-04, -0.230681846381046E-03
      20,       1,  0.000000000000000E+00,  0.000000000000000E+00,  0.000000000000000E+00,  0.000000000000000E+00, -0.194183444238004E-06,  0.726521212140186E-06, -0.105122499113261E-05,  0.111572110282410E-04
## X2: m,n,X2(1:nbase,iMode) ##############################################################################
       0,       1,  0.371915327805503E-02,  0.371915327805503E-02,  0.349164527191850E-02,  0.246785924430414E-02,  0.761549198280198E-03, -0.162728486615332E-02, -0.367485692138205E-02, -0.481239695206468E-02
       1,      -1,  0.000000000000000E+00,  0.000000000000000E+00,  0.000000000000000E+00,  0.000000000000000E+00,  0.000000000000000E+00,  0.000000000000000E+00,  0.000000000000000E+00,  0.000000000000000E+00
       1,       0,  0.000000000000000E+00, -0.298820359653499E+00, -0.896461078960498E+00, -0.179292215792100E+01, -0.268938323688149E+01, -0.358584431584200E+01, -0.418348503514899E+01, -0.448230539480249E+01
       1,       1,  0.000000000000000E+00,  0.496816833569800E-03,  0.149045050070940E-02,  0.298090100141880E-02,  0.447135150212820E-02,  0.596180200283761E-02,  0.695543566997721E-02,  0.745225250354701E-02
       2,      -1,  0.000000000000000E+00,  0.000000000000000E+00,  0.000000000000000E+00,  0.000000000000000E+00,  0.000000000000000E+00,  0.000000000000000E+00,  0.000000000000000E+00,  0.000000000000000E+00
       2,       0,  0.000000000000000E+00,  0.000000000000000E+00, -0.170373025593480E-02, -0.937051640764140E-02, -0.221484933271524E-01, -0.400376610144678E-01, -0.553712333178810E-01, -0.638898845975550E-01
       2,       1,  0.000000000000000E+00,  0.000000000000000E+00, -0.413493650873983E-02, -0.227421507980691E-01, -0.537541746136177E-01, -0.971710079553859E-01, -0.134385436534044E+00, -0.155060119077743E+00
       3,      -1,  0.000000000000000E+00,  0.000000000000000E+00,  0.000000000000000E+00,  0.000000000000000E+00,  0.000000000000000E+00,  0.000000000000000E+00,  0.000000000000000E+00,  0.000000000000000E+00
       3,       0,  0.000000000000000E+00,  0.000000000000000E+00,  0.000000000000000E+00,  0.129688756777689E-01,  0.518755027110757E-01,  0.129688756777689E+00,  0.216147927962815E+00,  0.270184909953519E+00
       3,       1,  0.000000000000000E+00,  0.000000000000000E+00,  0.000000000000000E+00,  0.694037684396207E-03,  0.277615073758483E-02,  0.694037684396207E-02,  0.115672947399368E-01,  0.144591184249210E-01
       4,      -1,  0.000000000000000E+00,  0.000000000000000E+00,  0.000000000000000E+00,  0.000000000000000E+00,  0.000000000000000E+00,  0.000000000000000E+00,  0.000000000000000E+00,  0.000000000000000E+00
       4,       0,  0.000000000000000E+00,  0.000000000000000E+00,  0.000000000000000E+00,  0.000000000000000E+00,  0.786117789549818E-02,  0.278356962178161E-01,  0.568942545879140E-01,  0.775665269123232E-01
       4,       1,  0.000000000000000E+00,  0.000000000000000E+00,  0.000000000000000E+00,  0.000000000000000E+00, -0.164520803996563E-01, -0.582552790744215E-01, -0.119069796308122E+00, -0.162333272958298E+00
       5,      -1,  0.000000000000000E+00,  0.000000000000000E+00,  0.000000000000000E+00,  0.000000000000000E+00,  0.000000000000000E+00,  0.000000000000000E+00,  0.000000000000000E+00,  0.000000000000000E+00
       5,       0,  0.000000000000000E+00,  0.000000000000000E+00,  0.000000000000000E+00,  0.000000000000000E+00, -0.209113225984985E-02, -0.107871339656104E-01, -0.275598056708855E-01, -0.412932381417920E-01
       5,       1,  0.000000000000000E+00,  0.000000000000000E+00,  0.000000000000000E+00,  0.000000000000000E+00, -0.140508247990917E-03, -0.724813692300869E-03, -0.185181018156370E-02, -0.277459281585160E-02
       6,      -1,  0.000000000000000E+00,  0.000000000000000E+00,  0.000000000000000E+00,  0.000000000000000E+00,  0.000000000000000E+00,  0.000000000000000E+00,  0.000000000000000E+00,  0.000000000000000E+00
       6,       0,  0.000000000000000E+00,  0.000000000000000E+00,  0.000000000000000E+00,  0.000000000000000E+00, -0.688400802592574E-03, -0.533557228081490E-02, -0.174105665462480E-01, -0.289146128367212E-01
       6,       1,  0.000000000000000E+00,  0.000000000000000E+00,  0.000000000000000E+00,  0.000000000000000E+00,  0.119870656245292E-03,  0.929078740664985E-03,  0.303168739728542E-02,  0.503487736034449E-02
       7,      -1,  0.000000000000000E+00,  0.000000000000000E+00,  0.000000000000000E+00,  0.000000000000000E+00,  0.000000000000000E+00,  0.000000000000000E+00,  0.000000000000000E+00,  0.000000000000000E+00
       7,       0,  0.000000000000000E+00,  0.000000000000000E+00,  0.000000000000000E+00,  0.000000000000000E+00,  0.161387397338341E-03,  0.192332629743340E-02,  0.821883697380054E-02,  0.152757047804642E-01
       7,       1,  0.000000000000000E+00,  0.000000000000000E+00,  0.000000000000000E+00,  0.000000000000000E+00,  0.364919540478446E-04,  0.434891051113550E-03,  0.185839431158237E-02,  0.345405109748747E-02
       8,      -1,  0.000000000000000E+00,  0.000000000000000E+00,  0.000000000000000E+00,  0.000000000000000E+00,  0.000000000000000E+00,  0.000000000000000E+00,  0.000000000000000E+00,  0.000000000000000E+00
       8,       0,  0.000000000000000E+00,  0.000000000000000E+00,  0.000000000000000E+00,  0.000000000000000E+00,  0.958477049141237E-04,  0.171527407188157E-02,  0.988344775953269E-02,  0.207866018968807E-01
       8,       1,  0.000000000000000E+00,  0.000000000000000E+00,  0.000000000000000E+00,  0.000000000000000E+00,  0.299578648449086E-05,  0.536120806058367E-04,  0.308914013587577E-03,  0.649699657148405E-03
       9,      -1,  0.000000000000000E+00,  0.000000000000000E+00,  0.000000000000000E+00,  0.000000000000000E+00,  0.000000000000000E+00,  0.000000000000000E+00,  0.000000000000000E+00,  0.000000000000000E+00
       9,       0,  0.000000000000000E+00,  0.000000000000000E+00,  0.000000000000000E+00,  0.000000000000000E+00,  0.111992183331240E-04,  0.258384937251785E-03,  0.207350046180481E-02,  0.499908774025936E-02
       9,       1,  0.000000000000000E+00,  0.000000000000000E+00,  0.000000000000000E+00,  0.000000000000000E+00,  0.102599839978791E-06,  0.236715210172781E-05,  0.189960414422761E-04,  0.457983393960202E-04
      10,      -1,  0.000000000000000E+00,  0.000000000000000E+00,  0.000000000000000E+00,  0.000000000000000E+00,  0.000000000000000E+00,  0.000000000000000E+00,  0.000000000000000E+00,  0.000000000000000E+00
      10,       0,  0.000000000000000E+00,  0.000000000000000E+00,  0.000000000000000E+00,  0.000000000000000E+00, -0.400736566964181E-05, -0.910933635016057E-04, -0.104601324258217E-02, -0.293654389958598E-02
      10,       1,  0.000000000000000E+00,  0.000000000000000E+00,  0.000000000000000E+00,  0.000000000000000E+00,  0.111735811875717E-05,  0.253992067767833E-04,  0.291655787187284E-03,  0.818785066744972E-03
      11,      -1,  0.000000000000000E+00,  0.000000000000000E+00,  0.000000000000000E+00,  0.000000000000000E+00,  0.000000000000000E+00,  0.000000000000000E+00,  0.000000000000000E+00,  0.000000000000000E+00
      11,       0,  0.000000000000000E+00,  0.000000000000000E+00,  0.000000000000000E+00,  0.000000000000000E+00,  0.999823911711144E-06,  0.212004552789349E-04,  0.344592390466112E-03,  0.114880580433169E-02
      11,       1,  0.000000000000000E+00,  0.000000000000000E+00,  0.000000000000000E+00,  0.000000000000000E+00,  0.816955979213438E-06,  0.173228890600662E-04,  0.281566394327326E-03,  0.938689062954768E-03
      12,      -1,  0.000000000000000E+00,  0.000000000000000E+00,  0.000000000000000E+00,  0.000000000000000E+00,  0.000000000000000E+00,  0.000000000000000E+00,  0.000000000000000E+00,  0.000000000000000E+00
      12,       0,  0.000000000000000E+00,  0.000000000000000E+00,  0.000000000000000E+00,  0.000000000000000E+00,  0.125009349326894E-05,  0.724768122427294E-04,  0.145691923082378E-02,  0.591850107734230E-02
      12,       1,  0.000000000000000E+00,  0.000000000000000E+00,  0.000000000000000E+00,  0.000000000000000E+00,  0.139112797748424E-06,  0.806535845299824E-05,  0.162128761876374E-03,  0.658622133288017E-03
      13,      -1,  0.000000000000000E+00,  0.000000000000000E+00,  0.000000000000000E+00,  0.000000000000000E+00,  0.000000000000000E+00,  0.000000000000000E+00,  0.000000000000000E+00,  0.000000000000000E+00
      13,       0,  0.000000000000000E+00,  0.000000000000000E+00,  0.000000000000000E+00,  0.000000000000000E+00, -0.432750636991523E-05,  0.565040103534492E-04,  0.100540052015470E-02,  0.515846389468064E-02
      13,       1,  0.000000000000000E+00,  0.000000000000000E+00,  0.000000000000000E+00,  0.000000000000000E+00, -0.327893921117655E-06,  0.428129271916673E-05,  0.761789101315013E-04,  0.390855335333429E-03
      14,      -1,  0.000000000000000E+00,  0.000000000000000E+00,  0.000000000000000E+00,  0.000000000000000E+00,  0.000000000000000E+00,  0.000000000000000E+00,  0.000000000000000E+00,  0.000000000000000E+00
      14,       0,  0.000000000000000E+00,  0.000000000000000E+00,  0.000000000000000E+00,  0.000000000000000E+00, -0.498312901888160E-05,  0.286087619985011E-04,  0.312104500200223E-03,  0.213467610697158E-02
      14,       1,  0.000000000000000E+00,  0.000000000000000E+00,  0.000000000000000E+00,  0.000000000000000E+00, -0.949730823054303E-06,  0.545252249669808E-05,  0.594837626581520E-04,  0.406846318517247E-03
      15,      -1,  0.000000000000000E+00,  0.000000000000000E+00,  0.000000000000000E+00,  0.000000000000000E+00,  0.000000000000000E+00,  0.000000000000000E+00,  0.000000000000000E+00,  0.000000000000000E+00
      15,       0,  0.000000000000000E+00,  0.000000000000000E+00,  0.000000000000000E+00,  0.000000000000000E+00, -0.514168372387908E-05,  0.225886310185211E-04,  0.121254050864913E-03,  0.121171032266107E-02
      15,       1,  0.000000000000000E+00,  0.000000000000000E+00,  0.000000000000000E+00,  0.000000000000000E+00, -0.194940056908500E-05,  0.856417713089809E-05,  0.459718505559102E-04,  0.459403751652700E-03
      16,      -1,  0.000000000000000E+00,  0.000000000000000E+00,  0.000000000000000E+00,  0.000000000000000E+00,  0.000000000000000E+00,  0.000000000000000E+00,  0.000000000000000E+00,  0.000000000000000E+00
      16,       0,  0.000000000000000E+00,  0.000000000000000E+00,  0.000000000000000E+00,  0.000000000000000E+00, -0.150849724437123E-04,  0.601779240924907E-04,  0.131083880414529E-03,  0.232207487313592E-02
      16,       1,  0.000000000000000E+00,  0.000000000000000E+00,  0.000000000000000E+00,  0.000000000000000E+00, -0.290984964088212E-05,  0.116081558294496E-04,  0.252857195313366E-04,  0.447921848111319E-03
      17,      -1,  0.000000000000000E+00,  0.000000000000000E+00,  0.000000000000000E+00,  0.000000000000000E+00,  0.000000000000000E+00,  0.000000000000000E+00,  0.000000000000000E+00,  0.000000000000000E+00
      17,       0,  0.000000000000000E+00,  0.000000000000000E+00,  0.000000000000000E+00,  0.000000000000000E+00, -0.275418428683723E-04,  0.105801096456578E-03,  0.467414831412143E-04,  0.305588309798709E-02
      17,       1,  0.000000000000000E+00,  0.000000000000000E+00,  0.000000000000000E+00,  0.000000000000000E+00, -0.324883962451996E-05,  0.124803120883575E-04,  0.551363186783684E-05,  0.360472396276802E-03
      18,      -1,  0.000000000000000E+00,  0.000000000000000E+00,  0.000000000000000E+00,  0.000000000000000E+00,  0.000000000000000E+00,  0.000000000000000E+00,  0.000000000000000E+00,  0.000000000000000E+00
      18,       0,  0.000000000000000E+00,  0.000000000000000E+00,  0.000000000000000E+00,  0.000000000000000E+00, -0.292806248005543E-04,  0.110704858427403E-03, -0.586767593543381E-04,  0.249958609980459E-02
      18,       1,  0.000000000000000E+00,  0.000000000000000E+00,  0.000000000000000E+00,  0.000000000000000E+00, -0.382715276006211E-05,  0.144697870133803E-04, -0.766940333562165E-05,  0.326710850811452E-03
      19,      -1,  0.000000000000000E+00,  0.000000000000000E+00,  0.000000000000000E+00,  0.000000000000000E+00,  0.000000000000000E+00,  0.000000000000000E+00,  0.000000000000000E+00,  0.000000000000000E+00
      19,       0,  0.000000000000000E+00,  0.000000000000000E+00,  0.000000000000000E+00,  0.000000000000000E+00, -0.247195642660499E-04,  0.927965415560312E-04, -0.101980328882665E-03,  0.170116048396228E-02
      19,       1,  0.000000000000000E+00,  0.000000000000000E+00,  0.000000000000000E+00,  0.000000000000000E+00, -0.458789488015397E-05,  0.172228269608145E-04, -0.189273169915774E-04,  0.315731514952709E-03
      20,      -1,  0.000000000000000E+00,  0.000000000000000E+00,  0.000000000000000E+00,  0.000000000000000E+00,  0.000000000000000E+00,  0.000000000000000E+00,  0.000000000000000E+00,  0.000000000000000E+00
      20,       0,  0.000000000000000E+00,  0.000000000000000E+00,  0.000000000000000E+00,  0.000000000000000E+00, -0.278620758622177E-04,  0.104243640376209E-03, -0.150833200874204E-03,  0.160087313982652E-02
      20,       1,  0.000000000000000E+00,  0.000000000000000E+00,  0.000000000000000E+00,  0.000000000000000E+00, -0.555435935068463E-05,  0.207811737192980E-04, -0.300688937827997E-04,  0.319137193417560E-03
       0,       0,  0.132088590318007E+00,  0.132088590318007E+00,  0.130058898642595E+00,  0.120925286103241E+00,  0.105702598537649E+00,  0.843908359458218E-01,  0.661236108671124E-01,  0.559751524900517E-01
       0,       1,  0.301822781938550E-02,  0.301822781938550E-02,  0.279405441565285E-02,  0.178527409885595E-02,  0.103973570861112E-03, -0.224984716833166E-02, -0.426740780192547E-02, -0.538827482058870E-02
       1,      -1,  0.000000000000000E+00,  0.000000000000000E+00,  0.000000000000000E+00,  0.000000000000000E+00,  0.000000000000000E+00,  0.000000000000000E+00,  0.000000000000000E+00,  0.000000000000000E+00
       1,       0,  0.000000000000000E+00, -0.296192481082712E-01, -0.888577443248135E-01, -0.177715488649627E+00, -0.266573232974441E+00, -0.355430977299254E+00, -0.414669473515797E+00, -0.444288721624068E+00
       1,       1,  0.000000000000000E+00,  0.964861716029065E-03,  0.289458514808719E-02,  0.578917029617439E-02,  0.868375544426159E-02,  0.115783405923488E-01,  0.135080640244069E-01,  0.144729257404360E-01
       2,      -1,  0.000000000000000E+00,  0.000000000000000E+00,  0.000000000000000E+00,  0.000000000000000E+00,  0.000000000000000E+00,  0.000000000000000E+00,  0.000000000000000E+00,  0.000000000000000E+00
       2,       0,  0.000000000000000E+00,  0.000000000000000E+00,  0.113120216188131E-02,  0.622161189034722E-02,  0.147056281044571E-01,  0.265832508042109E-01,  0.367640702611427E-01,  0.424200810705493E-01
       2,       1,  0.000000000000000E+00,  0.000000000000000E+00,  0.251834040968116E-02,  0.138508722532464E-01,  0.327384253258550E-01,  0.591809996275071E-01,  0.818460633146375E-01,  0.944377653630433E-01
       3,      -1,  0.000000000000000E+00,  0.000000000000000E+00,  0.000000000000000E+00,  0.000000000000000E+00,  0.000000000000000E+00,  0.000000000000000E+00,  0.000000000000000E+00,  0.000000000000000E+00
       3,       0,  0.000000000000000E+00,  0.000000000000000E+00,  0.000000000000000E+00,  0.426389739044610E-02,  0.170555895617844E-01,  0.426389739044610E-01,  0.710649565074350E-01,  0.888311956342937E-01
       3,       1,  0.000000000000000E+00,  0.000000000000000E+00,  0.000000000000000E+00, -0.747222771722780E-03, -0.298889108689112E-02, -0.747222771722779E-02, -0.124537128620463E-01, -0.155671410775579E-01
       4,      -1,  0.000000000000000E+00,  0.000000000000000E+00,  0.000000000000000E+00,  0.000000000000000E+00,  0.000000000000000E+00,  0.000000000000000E+00,  0.000000000000000E+00,  0.000000000000000E+00
       4,       0,  0.000000000000000E+00,  0.000000000000000E+00,  0.000000000000000E+00,  0.000000000000000E+00, -0.177427469461295E-02, -0.628254086890558E-02, -0.128410827901517E-01, -0.175068326501506E-01
       4,       1,  0.000000000000000E+00,  0.000000000000000E+00,  0.000000000000000E+00,  0.000000000000000E+00,  0.774943630021755E-02,  0.274400296723603E-01,  0.560855392968383E-01,  0.764639685460351E-01
       5,      -1,  0.000000000000000E+00,  0.000000000000000E+00,  0.000000000000000E+00,  0.000000000000000E+00,  0.000000000000000E+00,  0.000000000000000E+00,  0.000000000000000E+00,  0.000000000000000E+00
       5,       0,  0.000000000000000E+00,  0.000000000000000E+00,  0.000000000000000E+00,  0.000000000000000E+00, -0.143355097600775E-02, -0.739499204408880E-02, -0.188932986576940E-01, -0.283080907780251E-01
       5,       1,  0.000000000000000E+00,  0.000000000000000E+00,  0.000000000000000E+00,  0.000000000000000E+00, -0.768980663883966E-03, -0.396679712591491E-02, -0.101346806551740E-01, -0.151849322445410E-01
       6,      -1,  0.000000000000000E+00,  0.000000000000000E+00,  0.000000000000000E+00,  0.000000000000000E+00,  0.000000000000000E+00,  0.000000000000000E+00,  0.000000000000000E+00,  0.000000000000000E+00
       6,       0,  0.000000000000000E+00,  0.000000000000000E+00,  0.000000000000000E+00,  0.000000000000000E+00, -0.789748041164533E-05, -0.612108199379778E-04, -0.199737722176973E-03, -0.331714587821978E-03
       6,       1,  0.000000000000000E+00,  0.000000000000000E+00,  0.000000000000000E+00,  0.000000000000000E+00,  0.518458038995062E-04,  0.401840080838038E-03,  0.131124893454012E-02,  0.217765775594254E-02
       7,      -1,  0.000000000000000E+00,  0.000000000000000E+00,  0.000000000000000E+00,  0.000000000000000E+00,  0.000000000000000E+00,  0.000000000000000E+00,  0.000000000000000E+00,  0.000000000000000E+00
       7,       0,  0.000000000000000E+00,  0.000000000000000E+00,  0.000000000000000E+00,  0.000000000000000E+00,  0.161992183154885E-03,  0.193053380238396E-02,  0.824963638014960E-02,  0.153329492105827E-01
       7,       1,  0.000000000000000E+00,  0.000000000000000E+00,  0.000000000000000E+00,  0.000000000000000E+00, -0.881192282011622E-05, -0.105015652835345E-03, -0.448757203342311E-03, -0.834069659517041E-03
       8,      -1,  0.000000000000000E+00,  0.000000000000000E+00,  0.000000000000000E+00,  0.000000000000000E+00,  0.000000000000000E+00,  0.000000000000000E+00,  0.000000000000000E+00,  0.000000000000000E+00
       8,       0,  0.000000000000000E+00,  0.000000000000000E+00,  0.000000000000000E+00,  0.000000000000000E+00,  0.227458798701447E-04,  0.407056361113175E-03,  0.234546790288409E-02,  0.493292510319988E-02
       8,       1,  0.000000000000000E+00,  0.000000000000000E+00,  0.000000000000000E+00,  0.000000000000000E+00,  0.135656906585805E-05,  0.242769271050129E-04,  0.139884199695956E-03,  0.294200692054964E-03
       9,      -1,  0.000000000000000E+00,  0.000000000000000E+00,  0.000000000000000E+00,  0.000000000000000E+00,  0.000000000000000E+00,  0.000000000000000E+00,  0.000000000000000E+00,  0.000000000000000E+00
       9,       0,  0.000000000000000E+00,  0.000000000000000E+00,  0.000000000000000E+00,  0.000000000000000E+00, -0.138213602583984E-04, -0.318882193102528E-03, -0.255898188838736E-02, -0.616955492483859E-02
       9,       1,  0.000000000000000E+00,  0.000000000000000E+00,  0.000000000000000E+00,  0.000000000000000E+00, -0.154832220912349E-05, -0.357224160606504E-04, -0.286667044086876E-03, -0.691137394000730E-03
      10,      -1,  0.000000000000000E+00,  0.000000000000000E+00,  0.000000000000000E+00,  0.000000000000000E+00,  0.000000000000000E+00,  0.000000000000000E+00,  0.000000000000000E+00,  0.000000000000000E+00
      10,       0,  0.000000000000000E+00,  0.000000000000000E+00,  0.000000000000000E+00,  0.000000000000000E+00, -0.466809520340400E-05, -0.106112725485763E-03, -0.121847862234924E-02, -0.342071765401623E-02
      10,       1,  0.000000000000000E+00,  0.000000000000000E+00,  0.000000000000000E+00,  0.000000000000000E+00, -0.566312474350237E-06, -0.128731222289706E-04, -0.147820387866618E-03, -0.414986197643717E-03
      11,      -1,  0.000000000000000E+00,  0.000000000000000E+00,  0.000000000000000E+00,  0.000000000000000E+00,  0.000000000000000E+00,  0.000000000000000E+00,  0.000000000000000E+00,  0.000000000000000E+00
      11,       0,  0.000000000000000E+00,  0.000000000000000E+00,  0.000000000000000E+00,  0.000000000000000E+00,  0.281971220553858E-05,  0.597897107808529E-04,  0.971822495893422E-03,  0.323987225182870E-02
      11,       1,  0.000000000000000E+00,  0.000000000000000E+00,  0.000000000000000E+00,  0.000000000000000E+00, -0.819327092213079E-07, -0.173731665884595E-05, -0.282383605725283E-04, -0.941413491071330E-04
      12,      -1,  0.000000000000000E+00,  0.000000000000000E+00,  0.000000000000000E+00,  0.000000000000000E+00,  0.000000000000000E+00,  0.000000000000000E+00,  0.000000000000000E+00,  0.000000000000000E+00
      12,       0,  0.000000000000000E+00,  0.000000000000000E+00,  0.000000000000000E+00,  0.000000000000000E+00,  0.766211779242779E-06,  0.444227472275926E-04,  0.892980150743261E-03,  0.362758886862311E-02
      12,       1,  0.000000000000000E+00,  0.000000000000000E+00,  0.000000000000000E+00,  0.000000000000000E+00, -0.142881269196515E-07, -0.828384354955675E-06, -0.166520720200348E-04, -0.676463760690647E-04
      13,      -1,  0.000000000000000E+00,  0.000000000000000E+00,  0.000000000000000E+00,  0.000000000000000E+00,  0.000000000000000E+00,  0.000000000000000E+00,  0.000000000000000E+00,  0.000000000000000E+00
      13,       0,  0.000000000000000E+00,  0.000000000000000E+00,  0.000000000000000E+00,  0.000000000000000E+00, -0.238795954716054E-08,  0.311794551972011E-07,  0.554789656120263E-06,  0.284648988424863E-05
      13,       1,  0.000000000000000E+00,  0.000000000000000E+00,  0.000000000000000E+00,  0.000000000000000E+00,  0.121782505171821E-06, -0.159010740710527E-05, -0.282934751746851E-04, -0.145166893410000E-03
      14,      -1,  0.000000000000000E+00,  0.000000000000000E+00,  0.000000000000000E+00,  0.000000000000000E+00,  0.000000000000000E+00,  0.000000000000000E+00,  0.000000000000000E+00,  0.000000000000000E+00
      14,       0,  0.000000000000000E+00,  0.000000000000000E+00,  0.000000000000000E+00,  0.000000000000000E+00,  0.299269194025692E-05, -0.171814157588997E-04, -0.187438980353102E-03, -0.128201135394778E-02
      14,       1,  0.000000000000000E+00,  0.000000000000000E+00,  0.000000000000000E+00,  0.000000000000000E+00,  0.372680921534859E-06, -0.213960741236554E-05, -0.233418384932572E-04, -0.159649299809455E-03
      15,      -1,  0.000000000000000E+00,  0.000000000000000E+00,  0.000000000000000E+00,  0.000000000000000E+00,  0.000000000000000E+00,  0.000000000000000E+00,  0.000000000000000E+00,  0.000000000000000E+00
      15,       0,  0.000000000000000E+00,  0.000000000000000E+00,  0.000000000000000E+00,  0.000000000000000E+00, -0.183173484836860E-05,  0.804724382820440E-05,  0.431969919588048E-04,  0.431674164211671E-03
      15,       1,  0.000000000000000E+00,  0.000000000000000E+00,  0.000000000000000E+00,  0.000000000000000E+00,  0.306479569894287E-06, -0.134643713826765E-05, -0.722757200806251E-05, -0.722262353090564E-04
      16,      -1,  0.000000000000000E+00,  0.000000000000000E+00,  0.000000000000000E+00,  0.000000000000000E+00,  0.000000000000000E+00,  0.000000000000000E+00,  0.000000000000000E+00,  0.000000000000000E+00
      16,       0,  0.000000000000000E+00,  0.000000000000000E+00,  0.000000000000000E+00,  0.000000000000000E+00, -0.110057987643534E-04,  0.439050270121341E-04,  0.956370861449075E-04,  0.169415548254101E-02
      16,       1,  0.000000000000000E+00,  0.000000000000000E+00,  0.000000000000000E+00,  0.000000000000000E+00,  0.327929062594674E-06, -0.130819531226717E-05, -0.284960507458710E-05, -0.504791002611018E-04
      17,      -1,  0.000000000000000E+00,  0.000000000000000E+00,  0.000000000000000E+00,  0.000000000000000E+00,  0.000000000000000E+00,  0.000000000000000E+00,  0.000000000000000E+00,  0.000000000000000E+00
      17,       0,  0.000000000000000E+00,  0.000000000000000E+00,  0.000000000000000E+00,  0.000000000000000E+00, -0.964552062035770E-05,  0.370529547498174E-04,  0.163694906553411E-04,  0.107021100860631E-02
      17,       1,  0.000000000000000E+00,  0.000000000000000E+00,  0.000000000000000E+00,  0.000000000000000E+00,  0.731638548832291E-06, -0.281056576519968E-05, -0.124166966818980E-05, -0.811783687060350E-04
      18,      -1,  0.000000000000000E+00,  0.000000000000000E+00,  0.000000000000000E+00,  0.000000000000000E+00,  0.000000000000000E+00,  0.000000000000000E+00,  0.000000000000000E+00,  0.000000000000000E+00
      18,       0,  0.000000000000000E+00,  0.000000000000000E+00,  0.000000000000000E+00,  0.000000000000000E+00, -0.148547928510602E-05,  0.561633418257484E-05, -0.297681866871810E-05,  0.126810250733733E-03
      18,       1,  0.000000000000000E+00,  0.000000000000000E+00,  0.000000000000000E+00,  0.000000000000000E+00,  0.892278719509630E-06, -0.337354786634294E-05,  0.178807740812528E-05, -0.761707613696645E-04
      19,      -1,  0.000000000000000E+00,  0.000000000000000E+00,  0.000000000000000E+00,  0.000000000000000E+00,  0.000000000000000E+00,  0.000000000000000E+00,  0.000000000000000E+00,  0.000000000000000E+00
      19,       0,  0.000000000000000E+00,  0.000000000000000E+00,  0.000000000000000E+00,  0.000000000000000E+00, -0.289256011678883E-05,  0.108585884521259E-04, -0.119332294391669E-04,  0.199061314965192E-03
      19,       1,  0.000000000000000E+00,  0.000000000000000E+00,  0.000000000000000E+00,  0.000000000000000E+00,  0.642460365087576E-06, -0.241177794743059E-05,  0.265046416759424E-05, -0.442130845768993E-04
      20,      -1,  0.000000000000000E+00,  0.000000000000000E+00,  0.000000000000000E+00,  0.000000000000000E+00,  0.000000000000000E+00,  0.000000000000000E+00,  0.000000000000000E+00,  0.000000000000000E+00
      20,       0,  0.000000000000000E+00,  0.000000000000000E+00,  0.000000000000000E+00,  0.000000000000000E+00, -0.139140786910065E-04,  0.520583686012585E-04, -0.753247904627957E-04,  0.799462141730448E-03
      20,       1,  0.000000000000000E+00,  0.000000000000000E+00,  0.000000000000000E+00,  0.000000000000000E+00,  0.524624635417776E-06, -0.196283945594848E-05,  0.284009035826475E-05, -0.301433924552077E-04
## LA: m,n,LA(1:nbase,iMode) ##############################################################################
       0,       1, -0.192246922176241E-02, -0.192246922176241E-02, -0.118018186307070E-02,  0.216011125104200E-02,  0.540761641019087E-02,  0.854637668250103E-02,  0.117763680591519E-01,  0.144859730217935E-01
       1,      -1,  0.000000000000000E+00, -0.386215218890756E-04, -0.115864565667227E-03, -0.444710718493039E-03, -0.836918587670262E-03, -0.144917588492657E-03,  0.377292701199157E-02,  0.730408712067400E-02
       1,       0,  0.000000000000000E+00,  0.190761832038541E-01,  0.572285496115624E-01,  0.112738465855166E+00,  0.165759215171375E+00,  0.215771681204431E+00,  0.248536668354972E+00,  0.262910190002148E+00
       1,       1,  0.000000000000000E+00,  0.159126362286279E-02,  0.477379086858836E-02,  0.955556098764902E-02,  0.115247667345452E-01,  0.635857257262961E-02, -0.689419685095877E-02, -0.165636321491811E-01
       2,      -1,  0.000000000000000E+00,  0.000000000000000E+00, -0.767444683462421E-05, -0.422094575904331E-04, -0.662702625361099E-04,  0.110335015299451E-03,  0.133213995231935E-02,  0.277915401302154E-02
       2,       0,  0.000000000000000E+00,  0.000000000000000E+00, -0.438353304164798E-02, -0.241094317290639E-01, -0.577998482358903E-01, -0.106650731962545E+00, -0.150336521142288E+00, -0.175533651770171E+00
       2,       1,  0.000000000000000E+00,  0.000000000000000E+00, -0.216696976982245E-03, -0.119183337340235E-02, -0.163845131720818E-02, -0.113582788942213E-02,  0.352474576192913E-03,  0.123410992471488E-02
       3,      -1,  0.000000000000000E+00,  0.000000000000000E+00,  0.000000000000000E+00,  0.466353629728243E-05,  0.408112504691284E-04,  0.129715399412025E-03, -0.977334961260947E-04, -0.379666687542379E-03
       3,       0,  0.000000000000000E+00,  0.000000000000000E+00,  0.000000000000000E+00, -0.239878245385592E-02, -0.116429453665745E-01, -0.284896271437138E-01, -0.474799033400016E-01, -0.594967250978752E-01
       3,       1,  0.000000000000000E+00,  0.000000000000000E+00,  0.000000000000000E+00,  0.245571561275306E-02,  0.154588079807597E-01,  0.361628006101255E-01,  0.583809508215541E-01,  0.707100619476072E-01
       4,      -1,  0.000000000000000E+00,  0.000000000000000E+00,  0.000000000000000E+00,  0.000000000000000E+00,  0.129075301532070E-04,  0.888390188718419E-04,  0.272360864817881E-03,  0.493623505045749E-03
       4,       0,  0.000000000000000E+00,  0.000000000000000E+00,  0.000000000000000E+00,  0.000000000000000E+00,  0.214772291170407E-02,  0.767702757579578E-02,  0.162659669287994E-01,  0.213611526248146E-01
       4,       1,  0.000000000000000E+00,  0.000000000000000E+00,  0.000000000000000E+00,  0.000000000000000E+00,  0.872934016740363E-03,  0.302593579992743E-02,  0.618806007941557E-02,  0.826708958029160E-02
       5,      -1,  0.000000000000000E+00,  0.000000000000000E+00,  0.000000000000000E+00,  0.000000000000000E+00,  0.110953139474159E-06,  0.504166164387717E-05,  0.120725797060636E-03,  0.307900285253690E-03
       5,       0,  0.000000000000000E+00,  0.000000000000000E+00,  0.000000000000000E+00,  0.000000000000000E+00,  0.105570270782971E-02,  0.512240980182966E-02,  0.131652453434457E-01,  0.186363491566288E-01
       5,       1,  0.000000000000000E+00,  0.000000000000000E+00,  0.000000000000000E+00,  0.000000000000000E+00,  0.103002174617872E-03,  0.749972190503718E-03,  0.194982916684811E-02,  0.296471390828038E-02
## at X1_base IP point positions (size nBase): spos,phi,chi,iota,pressure  ################################
  0.000000000000000E+00,  0.000000000000000E+00,  0.000000000000000E+00, -0.800000000000000E+00,  0.800000000000000E+06
  0.666666666666667E-01, -0.195230063526058E+00,  0.156097410450268E+00, -0.799113086419753E+00,  0.797246907873800E+06
  0.200000000000000E+00, -0.175707057173452E+01,  0.139872188553117E+01, -0.792160000000000E+00,  0.778403840000000E+06
  0.400000000000000E+00, -0.702828228693810E+01,  0.551617078051099E+01, -0.770560000000000E+00,  0.746293760000000E+06
  0.600000000000000E+00, -0.158136351456107E+02,  0.121499321550756E+02, -0.740960000000000E+00,  0.722447360000000E+06
  0.800000000000000E+00, -0.281131291477524E+02,  0.210751009760431E+02, -0.712960000000000E+00,  0.495481600000000E+06
  0.933333333333333E+00, -0.382650924511074E+02,  0.282466550705618E+02, -0.701661234567901E+00,  0.191582015912209E+06
  0.100000000000000E+01, -0.439267642933631E+02,  0.322129604817996E+02, -0.700000000000000E+00,  0.100000000000000E+06
## a_minor,r_major,volume  ################################################################################
  0.369646330858911E+01,  0.852469630718161E+01,  0.229922491342823E+04
