## MHD3D Solution... outputLevel and fileID:
0000,00004306
## grid: nElems, gridType #################################################################################
       5,       0
## grid: sp(0:nElems)
  0.000000000000000E+00,  0.200000000000000E+00,  0.400000000000000E+00,  0.600000000000000E+00,  0.800000000000000E+00,  0.100000000000000E+01
## global: nfp,degGP,mn_nyq(2),hmap #######################################################################
       1,       5,      81,       5,       1
## X1_base: s%nbase,s%deg,s%continuity,f%modes,f%sin_cos,f%excl_mn_zero ###################################
       8,       3,       2,     123,       3,       0
## X2_base: s%nbase,s%deg,s%continuity,f%modes,f%sin_cos,f%excl_mn_zero ###################################
       8,       3,       2,     123,       3,       0
## LA_base: s%nbase,s%deg,s%continuity,f%modes,f%sin_cos,f%excl_mn_zero ###################################
       8,       3,       2,      16,       1,       1
## X1: m,n,X1(1:nbase,iMode) ##############################################################################
       0,       1,  0.240574742791980E-03,  0.240574742791726E-03,  0.232550725201458E-03,  0.196442646044853E-03,  0.232199676055199E-03,  0.251515573545302E-03,  0.178648466069479E-03, -0.197929131337798E-03
       1,      -1, -0.101067374040903E-15, -0.468468631908828E-05, -0.140540589572484E-04,  0.647598167232312E-04, -0.227775876386576E-04,  0.180757450995988E-03, -0.129128381439215E-03,  0.000000000000000E+00
       1,       0,  0.110724339971413E-14,  0.305118902806768E-02,  0.915356708420246E-02,  0.177120259972710E-01,  0.334002299528637E-01,  0.347525706968635E-01,  0.512779539761069E-01,  0.494573636905188E-01
       1,       1, -0.111148739069162E-15, -0.370661680166902E-04, -0.111198504050023E-03, -0.217633139172945E-03, -0.399659020344270E-03, -0.340768914507107E-03, -0.773823158096074E-03, -0.264834287405069E-05
       2,      -1,  0.161724410974744E-15, -0.542685639924067E-17, -0.640802391009945E-05, -0.352441315055470E-04,  0.680584848804300E-04,  0.597842282215948E-04, -0.126358467502367E-03,  0.000000000000000E+00
       2,       0, -0.560940795091937E-15, -0.812789341372702E-15, -0.593057275819342E-04, -0.326181501700924E-03, -0.156311533672478E-02, -0.158729641344346E-02,  0.520213498495195E-04,  0.468370536932252E-02
       2,       1, -0.109425390419569E-14, -0.159723125863278E-16, -0.132836563365516E-06, -0.730601098552249E-06,  0.626348835681559E-04,  0.557486124406659E-04, -0.425997772855052E-04,  0.506929858463676E-03
       3,      -1,  0.105302767508934E-16, -0.293431555446182E-16,  0.791020095455776E-19, -0.707963525735729E-05, -0.242198160799033E-04, -0.107799597779967E-04,  0.154638668154788E-03,  0.000000000000000E+00
       3,       0,  0.268566601053949E-15,  0.505359408467712E-14, -0.174953750669512E-16,  0.503851072647038E-03,  0.270130649957975E-04,  0.284768882390831E-02,  0.368283492186679E-02,  0.247207472987930E-02
       3,       1,  0.356807700123035E-16, -0.673723842396412E-16, -0.694559754898628E-18,  0.182126436754823E-04, -0.396160000702628E-04,  0.289998684667092E-04,  0.180279054930781E-03, -0.581012150018234E-03
       4,      -1,  0.000000000000000E+00, -0.542619889075300E-17,  0.579606637270204E-18, -0.775417142594102E-19,  0.829455837853607E-06, -0.145259125433685E-04,  0.203165642780020E-04,  0.000000000000000E+00
       4,       0,  0.000000000000000E+00, -0.113007254658799E-14,  0.820988557992585E-16, -0.580650080200242E-17, -0.195606099812893E-03, -0.135839427997329E-02, -0.319395833570260E-02, -0.886947535604804E-03
       4,       1,  0.000000000000000E+00, -0.171764743863091E-16, -0.172242814980740E-17,  0.177933291698692E-18,  0.414667275381471E-05, -0.130023495619198E-04,  0.208035113067075E-04, -0.850193985175345E-04
       5,      -1,  0.000000000000000E+00,  0.333691747777438E-16, -0.979165838481985E-18,  0.118769026186600E-18,  0.219052009706106E-05,  0.344535147971776E-05, -0.273679553974112E-04,  0.000000000000000E+00
       5,       0,  0.000000000000000E+00,  0.197037105589557E-14, -0.357998692854305E-16, -0.298463569492147E-17,  0.264477493697019E-03, -0.824482107544035E-03, -0.129545330720838E-02,  0.104003018114008E-02
       5,       1,  0.000000000000000E+00, -0.444694739900558E-17,  0.140017015311226E-17,  0.927238885066996E-19, -0.131059894868973E-05, -0.495207611327746E-07, -0.196995944455839E-04,  0.728479995204214E-04
       6,      -1,  0.000000000000000E+00,  0.135472179845567E-16,  0.887540331388852E-18, -0.821139172850258E-19, -0.135501903044175E-05,  0.672094580715494E-05, -0.588784802264977E-05,  0.000000000000000E+00
       6,       0,  0.000000000000000E+00,  0.949636215355863E-15, -0.504665716419995E-16,  0.363890101342273E-17,  0.845181420546803E-04,  0.281851538950971E-03,  0.385832919422859E-04, -0.827658295137098E-03
       6,       1,  0.000000000000000E+00,  0.119330278401107E-16, -0.132281163963386E-17,  0.105032474673980E-18, -0.430030089101448E-05,  0.119361903137743E-04, -0.107217475196437E-04,  0.344715252388781E-04
       7,      -1,  0.000000000000000E+00,  0.875411814619076E-17,  0.146742907813291E-17, -0.147100100570468E-18, -0.135859266331973E-05,  0.135029176291964E-05,  0.309295534073651E-05,  0.000000000000000E+00
       7,       0,  0.000000000000000E+00,  0.208711896650909E-15, -0.493862478240287E-16,  0.366022831149817E-18,  0.416075050838065E-04,  0.271480118787918E-03,  0.134235613240633E-03, -0.722442621276173E-03
       7,       1,  0.000000000000000E+00,  0.841505011383873E-17, -0.455956625347258E-17, -0.115960350461638E-20, -0.102920839032300E-05, -0.363688855954565E-05,  0.427517570439708E-05, -0.714412489343630E-05
       8,      -1,  0.000000000000000E+00,  0.160796381669471E-16,  0.206460609993011E-18,  0.306499767919837E-19, -0.780393307457524E-06, -0.118814848937545E-05,  0.300645037214000E-05,  0.000000000000000E+00
       8,       0,  0.000000000000000E+00, -0.470726011294489E-15, -0.226397321703743E-16,  0.346352358944605E-18,  0.394622788971009E-04,  0.306908644786410E-04, -0.143926179014232E-03,  0.939970641223908E-04
       8,       1,  0.000000000000000E+00,  0.373056196981698E-16, -0.322488606155802E-18,  0.132385950860322E-18,  0.415476945177761E-07, -0.825426840734961E-05,  0.810145553305730E-05, -0.986551097916788E-05
       9,      -1,  0.000000000000000E+00, -0.426987234613278E-16, -0.444904914072734E-18,  0.349894987577054E-19, -0.719636184337922E-06,  0.482835876991760E-06, -0.599831214558915E-06,  0.000000000000000E+00
       9,       0,  0.000000000000000E+00, -0.377180280602132E-15,  0.112218102618166E-15, -0.204307883734374E-17,  0.487247654259058E-04, -0.284585499558700E-04, -0.210479200902726E-03,  0.265928495245248E-03
       9,       1,  0.000000000000000E+00,  0.201519016970091E-16,  0.990737534211233E-18, -0.303404381563423E-19,  0.366018092206530E-06, -0.458655931660844E-06, -0.292497834016993E-05,  0.373567529415197E-06
      10,      -1,  0.000000000000000E+00, -0.843474230524062E-18,  0.119411381052682E-18, -0.426829796332621E-19, -0.935925799420932E-06,  0.171377210546813E-05, -0.144640188919515E-05,  0.000000000000000E+00
      10,       0,  0.000000000000000E+00, -0.109464220772021E-17, -0.131030340093534E-16, -0.347270476645133E-17,  0.570408041521167E-04,  0.661445621987206E-05, -0.188940808926163E-03, -0.546998938215779E-04
      10,       1,  0.000000000000000E+00,  0.255227111223601E-17,  0.425649600562159E-18, -0.450355039237564E-19, -0.320260226683786E-06,  0.259689817762122E-05, -0.444307833058925E-05,  0.356291040474765E-05
      11,      -1,  0.000000000000000E+00, -0.224948026221309E-16,  0.567301468441783E-18, -0.697280524845417E-19, -0.111488915411656E-05,  0.143798595542478E-05, -0.740708432005726E-06,  0.000000000000000E+00
      11,       0,  0.000000000000000E+00, -0.489348782636339E-15,  0.315330599743270E-16,  0.997526448287919E-18,  0.601189868615938E-04,  0.239185111521480E-04, -0.170489228453006E-03, -0.203050902966766E-03
      11,       1,  0.000000000000000E+00, -0.427371666201062E-17, -0.218187090264726E-18,  0.438763779324973E-19, -0.570638598816441E-06,  0.134223579476650E-05, -0.111741152250415E-05,  0.127411474878336E-05
      12,      -1,  0.000000000000000E+00,  0.159087089898926E-16, -0.180045731758307E-18,  0.737202206723826E-20, -0.117392737333150E-05,  0.777658407449237E-06,  0.194123821621942E-06,  0.000000000000000E+00
      12,       0,  0.000000000000000E+00,  0.311365629425838E-15, -0.863887463787797E-17, -0.350672510027236E-18,  0.617273404768940E-04,  0.398179821563797E-04, -0.214340456540317E-03, -0.103130357048769E-03
      12,       1,  0.000000000000000E+00, -0.995960569132955E-17,  0.450682365556130E-18, -0.349850009744505E-19, -0.544353399376549E-06, -0.425049536914622E-07,  0.846640544196191E-06, -0.437358326243142E-06
      13,      -1,  0.000000000000000E+00, -0.295238038095749E-16, -0.290321933280281E-19, -0.581242294199801E-20, -0.116213495552593E-05,  0.654224029406418E-06,  0.186742699023027E-06,  0.000000000000000E+00
      13,       0,  0.000000000000000E+00, -0.140922353262639E-14, -0.475622462147629E-16,  0.369161866320491E-17,  0.611637171178612E-04,  0.514557547313033E-04, -0.255078286095510E-03, -0.784188135639852E-06
      13,       1,  0.000000000000000E+00,  0.210019358328067E-16,  0.560732893583513E-18, -0.377648707772738E-19, -0.463503467108293E-06,  0.136517871621232E-06, -0.143531803813634E-06, -0.143884267435723E-06
      14,      -1,  0.000000000000000E+00, -0.158877483246025E-17, -0.751757404110533E-19,  0.428291335296221E-19, -0.118294707611922E-05,  0.104854066102927E-05, -0.591006484783101E-06,  0.000000000000000E+00
      14,       0,  0.000000000000000E+00, -0.157326755931374E-15, -0.186596992152528E-16,  0.143779620116752E-17,  0.570833888854965E-04,  0.554496853977881E-04, -0.250694408174113E-03, -0.106068437013960E-04
      14,       1,  0.000000000000000E+00, -0.187733596069675E-16,  0.264382812166933E-18,  0.155398333259663E-19, -0.445264698410201E-06,  0.719010269590868E-06, -0.129308927180965E-05,  0.431764181350047E-06
      15,      -1,  0.000000000000000E+00,  0.698887112574470E-17,  0.405052543204105E-18, -0.122310220794763E-19, -0.121182592256390E-05,  0.147009242368915E-05, -0.117262804055294E-05,  0.000000000000000E+00
      15,       0,  0.000000000000000E+00,  0.621722013525255E-14, -0.175241659378560E-16, -0.126593014280154E-17,  0.514372619184771E-04,  0.590576265652385E-04, -0.246294677674606E-03, -0.566841353922314E-04
      15,       1,  0.000000000000000E+00,  0.259632878385859E-16,  0.107670812678302E-18,  0.188164043382458E-19, -0.466290571352752E-06,  0.100306942784531E-05, -0.141859027292283E-05,  0.475601143629767E-06
      16,      -1,  0.000000000000000E+00,  0.126508938378236E-19, -0.603976645989987E-19,  0.103896148079268E-20, -0.122532584701673E-05,  0.131413252242915E-05, -0.701199431031200E-06,  0.000000000000000E+00
      16,       0,  0.000000000000000E+00,  0.363027994474069E-17, -0.173386458246632E-16,  0.612610872062221E-18,  0.495497757538899E-04,  0.592070813199050E-04, -0.259775963093873E-03, -0.585537967978098E-04
      16,       1,  0.000000000000000E+00, -0.449139212592027E-19, -0.129544614097569E-18,  0.241004218944149E-19, -0.487954606877993E-06,  0.920131207332516E-06, -0.934489885590260E-06,  0.240972545626050E-06
      17,      -1,  0.000000000000000E+00, -0.627837974336752E-19,  0.144136418300252E-18,  0.423813798873128E-20, -0.109430295847996E-05,  0.568679073818514E-06,  0.288697086403451E-05,  0.000000000000000E+00
      17,       0,  0.000000000000000E+00,  0.545698114242307E-17, -0.135010767737176E-17,  0.913417998529306E-18,  0.547074345293794E-04,  0.795195270654191E-04, -0.318258627635992E-03, -0.388411269453286E-04
      17,       1,  0.000000000000000E+00, -0.152006662565589E-19,  0.518597598947420E-19, -0.108735635080377E-19, -0.407685491425211E-06,  0.546980260771794E-06, -0.311227441896294E-06,  0.135554713052599E-06
      18,      -1,  0.000000000000000E+00, -0.379036769893579E-19,  0.892030942272109E-19, -0.118857620109068E-19, -0.904411386961190E-06,  0.490842435799472E-06,  0.669051774359001E-06,  0.000000000000000E+00
      18,       0,  0.000000000000000E+00, -0.358711414373164E-17, -0.181099848848796E-16,  0.250886844850972E-17,  0.557196734371595E-04,  0.911077113363057E-04, -0.386496162337781E-03, -0.269012468452274E-04
      18,       1,  0.000000000000000E+00,  0.164263194433495E-19, -0.580420243916930E-19,  0.117636390111488E-19, -0.330289269918529E-06,  0.652910580903955E-06, -0.835824305203291E-06,  0.175341651633687E-06
      19,      -1,  0.000000000000000E+00, -0.207262006317861E-17, -0.830240680104988E-19,  0.864395324079065E-21, -0.408925626457404E-06, -0.170262102439937E-06,  0.638299098867003E-06,  0.000000000000000E+00
      19,       0,  0.000000000000000E+00,  0.622235482376964E-14, -0.249515056589565E-16, -0.136648394316703E-17,  0.150439400233718E-04,  0.103393582983645E-03, -0.170218954273199E-03, -0.320111061162720E-04
      19,       1,  0.000000000000000E+00,  0.287388950297959E-17, -0.435694586337805E-18, -0.797305820065042E-21, -0.243755033290071E-06,  0.447895824737202E-06, -0.886562139117217E-06,  0.201232814203145E-06
      20,      -1,  0.000000000000000E+00, -0.241617975552485E-17, -0.316041464442589E-19,  0.312822595590316E-20, -0.308218454660083E-06,  0.110519767754569E-06,  0.360877055877226E-06,  0.000000000000000E+00
      20,       0,  0.000000000000000E+00,  0.382487686172508E-14, -0.665239491582044E-16, -0.234875383421625E-18,  0.930018696606741E-05,  0.101329902378392E-03, -0.189586107046988E-03, -0.344150578911240E-04
      20,       1,  0.000000000000000E+00,  0.135627440713471E-16,  0.276520064925289E-18, -0.458607090248741E-20, -0.420337994652326E-06,  0.116885053446851E-05, -0.279001674263908E-05,  0.178233401031402E-06
       0,       0,  0.920282386650544E+01,  0.920282386650544E+01,  0.919542982673521E+01,  0.916215664776905E+01,  0.913200770029135E+01,  0.909343646323094E+01,  0.906761698304615E+01,  0.905730775936008E+01
       0,       1,  0.114506931432292E-03,  0.114506931432291E-03,  0.116175063712372E-03,  0.123681658972739E-03,  0.212336719544465E-03,  0.123272482515854E-03,  0.319303414705529E-03,  0.543005580385039E-04
       1,      -1,  0.122991034128490E-16, -0.142791845710667E-05, -0.428375537132272E-05,  0.820630391367474E-04, -0.559481449738861E-05,  0.143114644801244E-03, -0.836455097165049E-04,  0.000000000000000E+00
       1,       0,  0.657807784763741E-15, -0.142723052899411E+00, -0.428169158698231E+00, -0.858303424616537E+00, -0.130240764167730E+01, -0.175938777372791E+01, -0.205078475791852E+01, -0.220696007599892E+01
       1,       1,  0.704973592559824E-16, -0.166580290608518E-04, -0.499740871825348E-04, -0.147518668052575E-03, -0.192744893336023E-03, -0.196920553959195E-03, -0.132304581737793E-03, -0.779192419152759E-04
       2,      -1, -0.706060453968421E-18, -0.204899535041296E-17, -0.325143969539502E-06, -0.178829183246736E-05, -0.212530667735781E-04, -0.125669130941787E-03, -0.135964129422507E-03,  0.000000000000000E+00
       2,       0, -0.888336994963993E-14,  0.243350003298582E-14,  0.610018796481928E-02,  0.335510338065063E-01,  0.551772632634740E-01,  0.793962067966869E-01,  0.833994002934645E-01,  0.838333695414128E-01
       2,       1,  0.612174544286588E-16,  0.138083727912380E-16, -0.693576535999351E-05, -0.381467094799600E-04, -0.811379659960047E-04, -0.751798399107092E-04,  0.517228207344090E-05,  0.382291161709833E-04
       3,      -1,  0.286510355182416E-17, -0.614528485816908E-17,  0.492377910368743E-18, -0.344975360282275E-04,  0.594980407203378E-04, -0.194805106875206E-03,  0.856526709712216E-04,  0.000000000000000E+00
       3,       0,  0.203534847824144E-15, -0.427499715591963E-14,  0.569537642493472E-16,  0.420240126331027E-02,  0.268585142781537E-01,  0.693898158740994E-01,  0.760245933864811E-01,  0.106067381592791E+00
       3,       1, -0.132586987925379E-16, -0.685819469481081E-16,  0.734145949248629E-18,  0.556994271034443E-05, -0.133512830109512E-04, -0.549035716500215E-04, -0.188120757919506E-03, -0.253495260012795E-03
       4,      -1,  0.000000000000000E+00, -0.392840087849595E-17,  0.172782508105427E-18,  0.255664562898102E-19, -0.866540743240535E-05,  0.728886059037842E-04,  0.517353946021753E-04,  0.000000000000000E+00
       4,       0,  0.000000000000000E+00, -0.320327363915794E-14,  0.620948165461934E-16, -0.106154203300846E-16,  0.791268972814474E-03,  0.554514314702274E-02,  0.557795310891371E-02,  0.164559817647653E-01
       4,       1,  0.000000000000000E+00, -0.121056778919301E-16, -0.117835006204641E-17,  0.628248883062667E-19,  0.225856530758462E-04,  0.768725245974531E-04, -0.141868469272950E-03, -0.435177624826260E-04
       5,      -1,  0.000000000000000E+00,  0.211891665269440E-17, -0.464456544537288E-18, -0.500450471891758E-20, -0.954829854880493E-05,  0.102261194527778E-03, -0.212704478110570E-04,  0.000000000000000E+00
       5,       0,  0.000000000000000E+00, -0.775544829488344E-14,  0.654549614895007E-15, -0.256995300819294E-16, -0.218251797338597E-02, -0.830134430030029E-02,  0.846307995553279E-03, -0.155276580396536E-01
       5,       1,  0.000000000000000E+00,  0.122038821245903E-16,  0.137597352433928E-17,  0.142485986965273E-19, -0.239486834296384E-05,  0.126333831026408E-04,  0.881997505712548E-04,  0.120951778181828E-04
       6,      -1,  0.000000000000000E+00,  0.276930981457613E-17, -0.378836284997022E-18, -0.683927125274529E-20, -0.346134916665743E-05,  0.128246131042441E-04, -0.230009830592583E-04,  0.000000000000000E+00
       6,       0,  0.000000000000000E+00, -0.287256357867721E-14, -0.403349617077444E-15, -0.473170419851908E-16,  0.722650744271978E-04, -0.404957621005414E-03,  0.622721635899253E-02, -0.717442443769545E-02
       6,       1,  0.000000000000000E+00, -0.484908048940472E-17, -0.225797708117226E-18,  0.125400129584037E-19, -0.522323692475115E-05, -0.192614007047110E-04, -0.208480340275974E-04,  0.179671115249853E-04
       7,      -1,  0.000000000000000E+00, -0.325310932026527E-17, -0.205920063027613E-17,  0.133727838577142E-18,  0.172271116146166E-05, -0.747100844364001E-05,  0.776164496278273E-05,  0.000000000000000E+00
       7,       0,  0.000000000000000E+00, -0.767617070594911E-14,  0.104944762402598E-14, -0.844212562968978E-16, -0.308662568183930E-03,  0.926715198143055E-03,  0.556385158918305E-03,  0.267175165077566E-02
       7,       1,  0.000000000000000E+00,  0.647123098744730E-17,  0.314532696385087E-17, -0.253582850071342E-19,  0.106704727236445E-05, -0.334249159355625E-05,  0.476115188729436E-05,  0.622417045210710E-06
       8,      -1,  0.000000000000000E+00,  0.696721458287415E-17, -0.538169928074076E-18,  0.150226229550171E-21,  0.973318909902749E-06,  0.610251498169195E-06,  0.432552724493763E-05,  0.000000000000000E+00
       8,       0,  0.000000000000000E+00,  0.677610132765268E-14,  0.298036602748207E-15, -0.620748897583012E-17, -0.265735212491634E-03, -0.502161564515332E-03,  0.753931308692531E-03,  0.287908269290605E-02
       8,       1,  0.000000000000000E+00, -0.295329298571059E-17, -0.177173444188860E-18,  0.225519632199464E-19, -0.899575914338885E-07,  0.329044479232565E-06,  0.541121346521998E-06, -0.300095041738846E-05
       9,      -1,  0.000000000000000E+00, -0.418839473698353E-18,  0.268484922273283E-18, -0.301180794356736E-19,  0.544661854609991E-06,  0.192079773429326E-05, -0.118453303311611E-07,  0.000000000000000E+00
       9,       0,  0.000000000000000E+00,  0.336764844409419E-14, -0.395414527008850E-15, -0.179658870347964E-16, -0.227852514957183E-03, -0.269905151277370E-03,  0.130980637223294E-02,  0.629830026659874E-04
       9,       1,  0.000000000000000E+00, -0.272683918396770E-18, -0.844827611989902E-19,  0.133825157372222E-20, -0.210948336083828E-06, -0.681015728763139E-07, -0.774567386400259E-06,  0.101923486912625E-06
      10,      -1,  0.000000000000000E+00, -0.162823416506637E-18,  0.247917990912673E-18, -0.683180163747946E-19,  0.489896467469157E-06,  0.228198330762676E-05, -0.153749926544045E-05,  0.000000000000000E+00
      10,       0,  0.000000000000000E+00, -0.607756511446114E-16,  0.470274685024837E-16, -0.120271842632589E-16, -0.192416965283288E-03, -0.190027224834806E-03,  0.146044295913324E-02, -0.783759140915720E-03
      10,       1,  0.000000000000000E+00,  0.226787443207464E-18,  0.303024655669614E-18, -0.298507258280320E-19, -0.264022284382073E-06, -0.692087494747901E-06,  0.290837400684090E-06,  0.157680659731874E-05
      11,      -1,  0.000000000000000E+00, -0.149077371849885E-16,  0.715659576244057E-19, -0.142573465554846E-19,  0.400403880859487E-06,  0.161043841001987E-05, -0.533843125494706E-06,  0.000000000000000E+00
      11,       0,  0.000000000000000E+00, -0.223579386636750E-14,  0.111122523836547E-15, -0.255001163912289E-16, -0.177129956238847E-03, -0.223136037674470E-03,  0.133756809813423E-02, -0.116044560527939E-03
      11,       1,  0.000000000000000E+00, -0.104864796080384E-16,  0.921755779588564E-19, -0.441445640763721E-20, -0.143655511785674E-06, -0.121577966124349E-05,  0.907552972481015E-06,  0.840058087717921E-06
      12,      -1,  0.000000000000000E+00, -0.332832076526643E-17, -0.207433479583823E-18,  0.178864681614375E-19,  0.257122398050833E-06,  0.123451355937535E-05,  0.204810724448250E-06,  0.000000000000000E+00
      12,       0,  0.000000000000000E+00, -0.211827329099452E-14,  0.215409417529656E-15, -0.975816992369034E-17, -0.160783885108102E-03, -0.275930774925706E-03,  0.127177650021472E-02,  0.321437767311465E-03
      12,       1,  0.000000000000000E+00, -0.315418653012883E-18,  0.167946475759630E-18, -0.253990328674506E-19, -0.150064306715732E-06, -0.101299456990489E-05,  0.595327829408146E-06,  0.262800108867367E-06
      13,      -1,  0.000000000000000E+00,  0.121856031180618E-16, -0.154631074190113E-18,  0.670916369985956E-20,  0.174402775993006E-06,  0.132565209200685E-05, -0.923610576005982E-07,  0.000000000000000E+00
      13,       0,  0.000000000000000E+00, -0.644838113796424E-14, -0.338174341523097E-16,  0.226175779594901E-17, -0.142280211099794E-03, -0.323978842223392E-03,  0.130731000132409E-02,  0.197916360903832E-03
      13,       1,  0.000000000000000E+00, -0.302343623113711E-17,  0.143536850501406E-18, -0.947117982730200E-20, -0.125061295448689E-06, -0.865521445315735E-06,  0.199904365893870E-06,  0.327510268341769E-06
      14,      -1,  0.000000000000000E+00,  0.713945268214063E-17, -0.447162039249864E-19,  0.488851255634620E-20,  0.125874029695082E-06,  0.140478850226024E-05, -0.306379277667677E-06,  0.000000000000000E+00
      14,       0,  0.000000000000000E+00, -0.709815809008812E-14,  0.120433917997414E-15, -0.807889689719223E-17, -0.111410693056289E-03, -0.354958318753513E-03,  0.128696047698414E-02, -0.731564496251735E-05
      14,       1,  0.000000000000000E+00, -0.393803955649953E-17,  0.927765951380718E-19,  0.193851387962623E-20, -0.147031441574178E-06, -0.868903395993491E-06,  0.439434585632782E-06,  0.474723121877574E-06
      15,      -1,  0.000000000000000E+00, -0.147653337578310E-16,  0.392439774003177E-18,  0.555304500054162E-21,  0.492657659252429E-07,  0.157962904867949E-05, -0.692907324877148E-06,  0.000000000000000E+00
      15,       0,  0.000000000000000E+00,  0.123058859985452E-13, -0.283499169580762E-15, -0.531183082489047E-17, -0.777185332492665E-04, -0.364246893827195E-03,  0.120926951573685E-02, -0.238355779219148E-04
      15,       1,  0.000000000000000E+00, -0.486487935824497E-17,  0.896985658185757E-19, -0.100164353385880E-20, -0.300907235980212E-06, -0.846003303529482E-06,  0.488054285068532E-06,  0.444040984232785E-06
      16,      -1,  0.000000000000000E+00, -0.106370550003031E-20,  0.412033111290398E-20, -0.263622709616830E-20, -0.146708905824716E-06,  0.125847135437351E-05, -0.156397181707673E-06,  0.000000000000000E+00
      16,       0,  0.000000000000000E+00, -0.517098691494297E-17,  0.125430496271417E-15, -0.505702113864962E-17, -0.575180403302037E-04, -0.363122016910895E-03,  0.117501347108903E-02,  0.393719246516753E-04
      16,       1,  0.000000000000000E+00, -0.323867024890767E-20, -0.333519426024916E-20,  0.771348137447511E-20, -0.473541893350760E-06, -0.793758127434804E-06,  0.326713515705001E-06,  0.335443108195221E-06
      17,      -1,  0.000000000000000E+00, -0.751243379096740E-20,  0.115056161614364E-18, -0.133802267911658E-19, -0.239503475842514E-06,  0.115945209879432E-05,  0.371752370036722E-06,  0.000000000000000E+00
      17,       0,  0.000000000000000E+00, -0.611079925324162E-17, -0.664743881487117E-16,  0.809117175469986E-17, -0.608233076225321E-04, -0.408215877954814E-03,  0.125593855579357E-02,  0.569845367840571E-04
      17,       1,  0.000000000000000E+00, -0.398089557694240E-21,  0.326900834203415E-19, -0.383091507635831E-20, -0.419545059928434E-06, -0.776647236302659E-06,  0.493997390648199E-06,  0.323714082394844E-06
      18,      -1,  0.000000000000000E+00, -0.249417850041667E-19,  0.148109780009124E-19,  0.204863012122363E-20, -0.329776845644245E-06,  0.375208197570395E-06,  0.441224172059780E-06,  0.000000000000000E+00
      18,       0,  0.000000000000000E+00,  0.117554115814121E-17,  0.179878877246334E-16,  0.306652772952443E-17, -0.635783889132971E-04, -0.401781613180883E-03,  0.130077371948336E-02,  0.315871347428924E-04
      18,       1,  0.000000000000000E+00,  0.441749456175370E-21, -0.212333643066421E-19,  0.188911272007128E-20, -0.598561336921988E-06, -0.735932231085154E-06,  0.852804791749236E-06,  0.318257811233735E-06
      19,      -1,  0.000000000000000E+00, -0.639098042026844E-18,  0.831296803846169E-19,  0.156230382279655E-21, -0.105888163322971E-06, -0.299808575142113E-07,  0.634319394490970E-06,  0.000000000000000E+00
      19,       0,  0.000000000000000E+00, -0.101730064395876E-13, -0.426509019423273E-16,  0.287425303696422E-17,  0.190098994554050E-04, -0.363889650521881E-03,  0.573633805695104E-03,  0.143643028223437E-04
      19,       1,  0.000000000000000E+00, -0.557162240472840E-17, -0.215952874188814E-19,  0.764472796867432E-20, -0.104245170116903E-06, -0.681180728858332E-06,  0.443589922198009E-06,  0.319454790655094E-06
      20,      -1,  0.000000000000000E+00,  0.405681645904516E-17, -0.519942205148186E-19, -0.306657714756602E-22, -0.182221891667745E-06, -0.590794859448981E-07, -0.665324679498458E-07,  0.000000000000000E+00
      20,       0,  0.000000000000000E+00,  0.461393302820152E-14, -0.189035116914403E-16,  0.203951860172339E-17,  0.177433771519500E-04, -0.311758139418359E-03,  0.531737193375944E-03,  0.142447289007066E-04
      20,       1,  0.000000000000000E+00, -0.686030763342612E-17,  0.336950984215590E-18, -0.107411669587159E-19, -0.257465583754384E-06, -0.225109247980997E-06, -0.848500592612408E-06,  0.280519313648142E-06
## X2: m,n,X2(1:nbase,iMode) ##############################################################################
       0,       1, -0.255898745001397E-04, -0.255898745001330E-04, -0.408959010510315E-04, -0.109773020530067E-03, -0.871937863304252E-04,  0.268924803658229E-04, -0.175197881603796E-03, -0.732729321013197E-04
       1,      -1,  0.760756305344363E-17, -0.514625668695467E-06, -0.154387700608113E-05, -0.107852874030679E-04,  0.108919938452067E-03, -0.156868228170359E-03,  0.825465177417252E-04,  0.000000000000000E+00
       1,       0,  0.101225600095038E-13, -0.203060614984352E+00, -0.609181844953050E+00, -0.121344340004741E+01, -0.179723702013406E+01, -0.235561910925295E+01, -0.274253500734229E+01, -0.291737169559023E+01
       1,       1, -0.239546145597852E-16,  0.278853736406952E-04,  0.836561209220881E-04,  0.114109666850726E-03,  0.157227746703437E-03,  0.240605303879247E-03,  0.147770254265902E-03,  0.152621048948647E-04
       2,      -1, -0.403024569261904E-18, -0.108810246650579E-16,  0.461545905025559E-06,  0.253850247763897E-05, -0.973331930765614E-04,  0.616326047469799E-04, -0.981114748387989E-04,  0.000000000000000E+00
       2,       0, -0.800897290751541E-15,  0.279577913007980E-14,  0.345976010931187E-02,  0.190286806012139E-01,  0.208911616922869E-01,  0.172678793607026E-01, -0.180578622660696E-02, -0.214650633508633E-01
       2,       1, -0.142975664337506E-16, -0.282721351190069E-17, -0.692738233245045E-05, -0.381006028284745E-04, -0.540286188057921E-04,  0.160267540915262E-03, -0.468364936909177E-03,  0.372874698860807E-04
       3,      -1,  0.737505132345024E-17,  0.166212361306155E-16,  0.938950940716272E-19, -0.394904564213699E-04,  0.269351980983774E-04,  0.872196365100131E-05,  0.564376765080411E-04,  0.000000000000000E+00
       3,       0,  0.320625624128977E-14,  0.118492937582925E-14, -0.377716335861216E-15,  0.824565994291721E-02,  0.376577427107074E-01,  0.897408242927559E-01,  0.131372348127117E+00,  0.136150121576773E+00
       3,       1, -0.375048647210199E-17, -0.163981907207574E-16,  0.212278435113678E-17,  0.542080187891401E-05, -0.210056774574960E-04, -0.397615721243637E-04, -0.153461025428028E-03, -0.370746030177224E-03
       4,      -1,  0.000000000000000E+00,  0.182620137462533E-16, -0.934199145717596E-18,  0.269268080713588E-19, -0.366827354276955E-04,  0.174529911080232E-03,  0.398416468396682E-05,  0.000000000000000E+00
       4,       0,  0.000000000000000E+00, -0.564190181394018E-15,  0.169314299502694E-15,  0.100010880169664E-16,  0.569344782699034E-02,  0.142443871560697E-01,  0.468426361034485E-01,  0.381845415121101E-01
       4,       1,  0.000000000000000E+00, -0.183988626757096E-16,  0.298327755303548E-18,  0.473266945463069E-19,  0.126333967080083E-04,  0.642199377548087E-04, -0.353234437953186E-03, -0.107774413960479E-03
       5,      -1,  0.000000000000000E+00,  0.214405353019313E-17, -0.229734449270938E-18,  0.171541710035424E-19, -0.136463147009739E-04,  0.158201851695665E-03, -0.118969925432603E-04,  0.000000000000000E+00
       5,       0,  0.000000000000000E+00, -0.126180293703200E-13,  0.508618386421897E-15,  0.254875248171325E-17, -0.317299243438636E-02, -0.113651319512977E-01,  0.133715495093129E-02, -0.117352711950417E-01
       5,       1,  0.000000000000000E+00, -0.208118049967189E-16, -0.912988641854280E-19, -0.384537659773937E-19,  0.764932560696709E-05,  0.278030482760822E-04,  0.772349987708612E-04,  0.215901655153706E-04
       6,      -1,  0.000000000000000E+00,  0.882494617554354E-17, -0.120500365331009E-17,  0.906124031993401E-19, -0.556289910412472E-05,  0.299937400777323E-04, -0.329667152974320E-04,  0.000000000000000E+00
       6,       0,  0.000000000000000E+00,  0.861064779451020E-14, -0.136563012412855E-15,  0.116199335600550E-15,  0.947205295990121E-03, -0.457795928787599E-02,  0.913179640466371E-03, -0.627502027968208E-02
       6,       1,  0.000000000000000E+00, -0.393170286767767E-18, -0.141070039324320E-17,  0.426805302761009E-19, -0.743878455989078E-05, -0.234433169251427E-04, -0.185362584226096E-04,  0.309358660570118E-04
       7,      -1,  0.000000000000000E+00,  0.845016730122758E-17, -0.678487986651444E-18, -0.860776476912533E-20,  0.146893074915604E-05, -0.155838692487177E-04,  0.794740337573580E-05,  0.000000000000000E+00
       7,       0,  0.000000000000000E+00,  0.170103121881125E-13, -0.629648582790828E-15,  0.718251222211971E-16,  0.369600939007687E-03,  0.107150174286278E-03, -0.251157720804484E-02,  0.578470697913519E-02
       7,       1,  0.000000000000000E+00,  0.211187536461989E-16, -0.106730819253491E-17, -0.730806205082233E-19,  0.491791749523273E-06, -0.356716814716593E-05,  0.566547495643780E-05,  0.123070338511244E-05
       8,      -1,  0.000000000000000E+00,  0.303741141443670E-17, -0.743155291487654E-18, -0.257316995923288E-19, -0.124296939684280E-05, -0.355050402966386E-05,  0.676295914618819E-05,  0.000000000000000E+00
       8,       0,  0.000000000000000E+00,  0.203866567701892E-15, -0.486548600416912E-16,  0.547707206552369E-16,  0.233816015355896E-03, -0.854125182360180E-03, -0.933462320107332E-03,  0.669302852744785E-02
       8,       1,  0.000000000000000E+00,  0.133749563548501E-17,  0.246659691062218E-18, -0.374621853372442E-19,  0.141860854176860E-06,  0.129248299541159E-05,  0.404661683334240E-06, -0.564103330285004E-05
       9,      -1,  0.000000000000000E+00,  0.661518161782267E-19, -0.427321770390151E-18,  0.841731106193950E-21, -0.120002290073025E-05,  0.137694108880246E-05,  0.942551656523321E-06,  0.000000000000000E+00
       9,       0,  0.000000000000000E+00,  0.384523641483368E-16, -0.304091587832958E-15,  0.122357293744556E-16,  0.178433491458387E-03, -0.603599752061664E-03, -0.693969551279136E-03,  0.311074667180209E-02
       9,       1,  0.000000000000000E+00, -0.159358708355342E-18,  0.524175581073242E-19, -0.763269895892880E-20,  0.419699702328962E-06,  0.133772524442044E-05, -0.247644950490096E-05,  0.326377998881799E-06
      10,      -1,  0.000000000000000E+00, -0.652779520378635E-19, -0.391035233636654E-18,  0.485583373467336E-19, -0.260589511851671E-06,  0.137811787460007E-05, -0.140272577051005E-05,  0.000000000000000E+00
      10,       0,  0.000000000000000E+00,  0.324448250830483E-15, -0.709831619480808E-16, -0.251603370235160E-17,  0.163719116464640E-03, -0.404360878615463E-03, -0.945738121083862E-03,  0.159166799745559E-02
      10,       1,  0.000000000000000E+00,  0.759578164111744E-19, -0.547211696510657E-19, -0.461003007267179E-20,  0.327084246666417E-06,  0.151627390481253E-06, -0.831917180215204E-06,  0.315348034051821E-05
      11,      -1,  0.000000000000000E+00, -0.969000812885550E-19, -0.215728038302376E-18,  0.217532691019766E-19, -0.174849902886312E-06,  0.231677506438089E-06, -0.408029843836361E-06,  0.000000000000000E+00
      11,       0,  0.000000000000000E+00, -0.817294489374487E-16,  0.235653063546883E-16,  0.543836756541934E-16,  0.158586870488490E-03, -0.334029582059521E-03, -0.103701034967174E-02,  0.205540190219256E-02
      11,       1,  0.000000000000000E+00, -0.139290914896786E-19, -0.532181661815483E-19,  0.174785834556915E-19,  0.185433290362176E-06,  0.357429793849346E-08,  0.489073087779724E-06,  0.163893374713364E-05
      12,      -1,  0.000000000000000E+00,  0.461031324741782E-19,  0.109625589144459E-18, -0.114404684344793E-19, -0.350663227805584E-06, -0.913104781777236E-08,  0.524544236377216E-06,  0.000000000000000E+00
      12,       0,  0.000000000000000E+00, -0.686443575721670E-17, -0.182921809505981E-15,  0.338603361953434E-16,  0.146340606199340E-03, -0.279567142738070E-03, -0.944976156601582E-03,  0.243941728247242E-02
      12,       1,  0.000000000000000E+00,  0.383552005027849E-19, -0.206537745081496E-19,  0.138554865029897E-20,  0.115139955954258E-06,  0.364301177157642E-07,  0.421395603095887E-06,  0.296119979560805E-06
      13,      -1,  0.000000000000000E+00,  0.836295775420316E-19, -0.210519348184281E-19, -0.127605182541517E-19, -0.253435933030914E-06,  0.153898036118878E-07,  0.403769859038025E-06,  0.000000000000000E+00
      13,       0,  0.000000000000000E+00,  0.418084590332616E-16,  0.259156267168902E-16,  0.268783788794830E-16,  0.120622784883345E-03, -0.216725101728836E-03, -0.869660550290607E-03,  0.217844706052995E-02
      13,       1,  0.000000000000000E+00, -0.733878540244332E-20, -0.287011015759500E-19, -0.277848240542188E-20,  0.206958726457856E-06, -0.101020744563591E-08, -0.391244011391455E-06,  0.500813356000052E-06
      14,      -1,  0.000000000000000E+00, -0.732304970103208E-19, -0.120327352903077E-18,  0.115031196729990E-19, -0.136455610052953E-06, -0.798170380237744E-07, -0.356534380808477E-07,  0.000000000000000E+00
      14,       0,  0.000000000000000E+00, -0.664591209980510E-17,  0.156969111293733E-15, -0.131518972899608E-16,  0.903746568186100E-04, -0.179794034872330E-03, -0.802866378067124E-03,  0.179939508472226E-02
      14,       1,  0.000000000000000E+00, -0.176124858312688E-19,  0.244007976793665E-19, -0.105166525294661E-19,  0.234686584727303E-06,  0.800568316991119E-07, -0.396404658606010E-06,  0.943588389963335E-06
      15,      -1,  0.000000000000000E+00, -0.263036327352083E-19, -0.800961025071698E-19,  0.216790631930854E-19, -0.128124676883581E-06, -0.376564209101161E-06,  0.534208771105041E-06,  0.000000000000000E+00
      15,       0,  0.000000000000000E+00, -0.144786475829490E-16, -0.598088535358380E-16, -0.579612658881929E-17,  0.686654670303658E-04, -0.167820765067451E-03, -0.729444746049609E-03,  0.164439671438103E-02
      15,       1,  0.000000000000000E+00,  0.119296295731077E-20, -0.396567032827673E-19,  0.425133908674327E-20,  0.379716298196033E-06, -0.845379499219929E-07,  0.244968693806369E-06,  0.883931012443995E-06
      16,      -1,  0.000000000000000E+00, -0.509086740659809E-19,  0.515038734496260E-19,  0.251697125686954E-20,  0.388485554329613E-07, -0.596253072166548E-07,  0.356229913033689E-06,  0.000000000000000E+00
      16,       0,  0.000000000000000E+00, -0.379857141449301E-16, -0.196142940471458E-16, -0.163713878521211E-17,  0.672926919484685E-04, -0.119796994484113E-03, -0.762245999141804E-03,  0.161024855351788E-02
      16,       1,  0.000000000000000E+00, -0.266742334465622E-19, -0.594985530080749E-20, -0.691387507422289E-21,  0.550706250737295E-06, -0.351389864598270E-06,  0.720666282633802E-06,  0.641469706831987E-06
      17,      -1,  0.000000000000000E+00,  0.121782031034310E-19,  0.362359072382004E-19,  0.542755562749359E-21,  0.278550613452544E-07,  0.431523479812836E-06, -0.506966360638845E-06,  0.000000000000000E+00
      17,       0,  0.000000000000000E+00, -0.166692250705866E-16,  0.979478679684087E-17,  0.518756132752508E-17,  0.887959605101555E-04, -0.130106627613312E-04, -0.910284711925373E-03,  0.154216780824795E-02
      17,       1,  0.000000000000000E+00, -0.156898617480698E-19,  0.340360478435448E-19, -0.416721764846035E-20,  0.272256867033065E-06, -0.378723323623381E-06,  0.492562290697505E-06,  0.582578473415252E-06
      18,      -1,  0.000000000000000E+00,  0.188457532056177E-16, -0.415960465932150E-18,  0.258033483558247E-20,  0.111978948194940E-06,  0.337717147476975E-06,  0.296946940529910E-07,  0.000000000000000E+00
      18,       0,  0.000000000000000E+00, -0.230394816675989E-14,  0.395440905426180E-15, -0.603568677157875E-17,  0.975640310812537E-04, -0.458412248770912E-04, -0.868565391036354E-03,  0.143232471853830E-02
      18,       1,  0.000000000000000E+00,  0.151132775850170E-16, -0.377564496496572E-18, -0.350553945275447E-20,  0.275890600957722E-06, -0.408447605672177E-06,  0.192240034675296E-06,  0.599691778900402E-06
      19,      -1,  0.000000000000000E+00, -0.530469175845959E-18, -0.811847095834517E-20,  0.444885593189230E-20, -0.684714255473309E-07,  0.865662586958494E-07,  0.510988872411036E-06,  0.000000000000000E+00
      19,       0,  0.000000000000000E+00, -0.112927763149062E-13, -0.694169210899939E-17,  0.244780386025932E-17, -0.117791440918449E-04, -0.185552502707659E-03,  0.786168859246443E-04,  0.133437992301838E-02
      19,       1,  0.000000000000000E+00,  0.118243812763201E-16, -0.191455412427885E-18,  0.449922034083533E-20, -0.134849539155535E-06, -0.184990875104075E-06,  0.727939481140596E-06,  0.631614764747157E-06
      20,      -1,  0.000000000000000E+00,  0.248916140016542E-18, -0.111467567305504E-19,  0.103470851288654E-20, -0.404359333390584E-07, -0.301720321354949E-06,  0.826905077272414E-06,  0.000000000000000E+00
      20,       0,  0.000000000000000E+00, -0.314757945194483E-14, -0.555038373807313E-16, -0.448391011748436E-17, -0.844582389005467E-05, -0.217309007658312E-03,  0.156078838793591E-03,  0.126804447310300E-02
      20,       1,  0.000000000000000E+00, -0.649019899509292E-17,  0.116144334961162E-18,  0.778720738229064E-20, -0.593557710503063E-07, -0.889888491352532E-06,  0.252070880172146E-05,  0.551043319517997E-06
       0,       0,  0.986566007644009E-01,  0.986566007644017E-01,  0.986760301888584E-01,  0.987634625989167E-01,  0.999761681787936E-01,  0.103018467591336E+00,  0.102032051743421E+00,  0.923586918279125E-01
       0,       1,  0.281214554935877E-03,  0.281214554935563E-03,  0.303234190396727E-03,  0.402322549971984E-03,  0.212480636197320E-03,  0.165763390037547E-03,  0.594620455022722E-03, -0.220436443433892E-03
       1,      -1, -0.472891615780018E-16,  0.469951000979367E-05,  0.140985300293838E-04, -0.139318019232600E-04,  0.254441790062999E-03, -0.242275967275421E-04, -0.476259889258697E-04,  0.000000000000000E+00
       1,       0, -0.267828479614959E-14, -0.802479500539909E-03, -0.240743850161996E-02, -0.661768092789750E-02, -0.192902092138605E-01, -0.168522365705575E-01, -0.367519756916008E-01, -0.356234012592814E-01
       1,       1,  0.371659659617163E-15,  0.221992876876967E-05,  0.665978630638653E-05, -0.163947417398122E-03,  0.113085963973708E-03, -0.211392718244206E-03, -0.361678202192139E-03,  0.827101739651584E-03
       2,      -1, -0.864374360905107E-16, -0.888261361147037E-16,  0.740720481727505E-05,  0.407396264950112E-04, -0.620168223450415E-04, -0.179695835939390E-04,  0.149696696756773E-03,  0.000000000000000E+00
       2,       0,  0.120088864392055E-14, -0.915586646402231E-15,  0.294308037930925E-03,  0.161869420862007E-02,  0.473751908439670E-02,  0.101588411758818E-01,  0.136539930299637E-01,  0.333436991000997E-02
       2,       1, -0.766488075480135E-15,  0.413735531178562E-16,  0.248719936877176E-05,  0.136795965282392E-04, -0.436439838640716E-04,  0.531460751170923E-06,  0.301311386822965E-04, -0.315439623863698E-03
       3,      -1, -0.256460231181793E-16, -0.291288271531394E-16,  0.132815932041969E-18,  0.108921959821072E-04,  0.236075395095544E-04, -0.222019768225314E-04, -0.187304450879637E-03,  0.000000000000000E+00
       3,       0,  0.413537284634750E-15, -0.604322911714530E-15, -0.935993508353288E-16,  0.589250223261743E-04,  0.152366192409981E-02,  0.275278447419202E-02,  0.744821087689391E-02,  0.465753783773357E-02
       3,       1, -0.229659596604011E-16, -0.279591061589006E-15, -0.467055294223233E-17, -0.232740980525693E-04,  0.589910525708975E-04, -0.152896943594727E-04, -0.227514298207677E-03,  0.752887055635608E-03
       4,      -1,  0.000000000000000E+00, -0.192845933254682E-16,  0.405227712035534E-17, -0.548152639173017E-19,  0.758565835851044E-05,  0.123670656142746E-04, -0.589071934285239E-04,  0.000000000000000E+00
       4,       0,  0.000000000000000E+00,  0.257049343124912E-15, -0.276248564117049E-16,  0.185986733178072E-18, -0.160715465596600E-03, -0.113389383711169E-02, -0.106021499900944E-02, -0.133742246014157E-02
       4,       1,  0.000000000000000E+00, -0.135454130330887E-15,  0.674062503186608E-17, -0.291770121608492E-18,  0.671972026252830E-05, -0.376966390955426E-05, -0.400885435245822E-04,  0.155120892879773E-03
       5,      -1,  0.000000000000000E+00, -0.380409001405508E-16,  0.160115595134187E-17, -0.108661666417206E-18,  0.221837868590875E-07,  0.189293176143866E-05,  0.250283294510081E-04,  0.000000000000000E+00
       5,       0,  0.000000000000000E+00,  0.459745048232797E-14, -0.189824767443846E-15,  0.347402952826688E-17, -0.101360329700586E-03, -0.374728158141481E-03, -0.134822551852196E-02, -0.231084142215479E-02
       5,       1,  0.000000000000000E+00,  0.281398553063641E-16,  0.499345786685456E-18,  0.141182597592612E-18, -0.435194438161797E-05,  0.103113531510887E-05,  0.262712061533377E-04, -0.874727219065474E-04
       6,      -1,  0.000000000000000E+00, -0.399475961832715E-16,  0.405769984012415E-17, -0.147649265098363E-18, -0.221100750836135E-05, -0.794900077466006E-06,  0.736771038366582E-05,  0.000000000000000E+00
       6,       0,  0.000000000000000E+00,  0.122915860907221E-14,  0.870708897366113E-16,  0.562640645864065E-17,  0.764517828675890E-04, -0.225564630134694E-03, -0.815782840022409E-04,  0.133316288023954E-02
       6,       1,  0.000000000000000E+00,  0.343624348655537E-16, -0.625436365418266E-17,  0.128767330459760E-18, -0.724026067304459E-05,  0.851037977212984E-06,  0.202047655382632E-04, -0.634201283973721E-04
       7,      -1,  0.000000000000000E+00, -0.960568234997539E-17,  0.216683312829780E-17,  0.125177965821979E-18, -0.112192823843970E-05,  0.124572421845744E-06, -0.573305673166544E-05,  0.000000000000000E+00
       7,       0,  0.000000000000000E+00,  0.115833710617062E-14,  0.234606381034332E-15, -0.135619100436169E-16,  0.485016359747479E-04, -0.204450599595199E-03,  0.357254867477233E-03,  0.154356324797487E-02
       7,       1,  0.000000000000000E+00,  0.455742683845386E-16,  0.531171687002260E-17,  0.317232679661907E-19, -0.171325396428112E-06,  0.223763706265892E-05, -0.157989627258001E-05,  0.111502523340162E-05
       8,      -1,  0.000000000000000E+00,  0.462326744371651E-17, -0.103575270264884E-17,  0.103257918605940E-18,  0.938245998564196E-07,  0.358229023242051E-05, -0.841476689465717E-05,  0.000000000000000E+00
       8,       0,  0.000000000000000E+00, -0.114590834199766E-16,  0.835452534768492E-17, -0.152403704251449E-18,  0.347004833156858E-04, -0.142602485725215E-03,  0.441031938489100E-04,  0.307388093223253E-03
       8,       1,  0.000000000000000E+00,  0.137987710366099E-16,  0.190390834300786E-17,  0.145008290232042E-18,  0.200414562020426E-05,  0.443605935103414E-05, -0.132985126333361E-04,  0.150455214936819E-04
       9,      -1,  0.000000000000000E+00,  0.156845211080174E-17,  0.108292442274094E-17, -0.105531826632868E-18, -0.348754304899663E-06,  0.295847188034995E-05, -0.414154682609702E-05,  0.000000000000000E+00
       9,       0,  0.000000000000000E+00,  0.152788618688685E-16, -0.140455625690065E-15,  0.720993308668282E-17,  0.434698438838357E-04, -0.833339863510559E-04, -0.151190220750082E-03, -0.608469302439829E-04
       9,       1,  0.000000000000000E+00,  0.125588037224002E-17, -0.586094979930172E-18,  0.142675214870594E-18,  0.390106689236513E-06, -0.644751743232683E-06, -0.286922528812955E-06,  0.189030785025190E-05
      10,      -1,  0.000000000000000E+00, -0.146079759577845E-17,  0.917894496824563E-18, -0.159911271264188E-19, -0.809206168215778E-06,  0.183485560775956E-05, -0.214561983143350E-05,  0.000000000000000E+00
      10,       0,  0.000000000000000E+00,  0.817626850689276E-16,  0.203933876746248E-16, -0.629244173366614E-17,  0.542290717311634E-04, -0.979197781237018E-04, -0.135353286376030E-03,  0.340466195126666E-03
      10,       1,  0.000000000000000E+00,  0.101222788682633E-18, -0.681492813762645E-19,  0.280029713980670E-19, -0.899921078352861E-06, -0.398354322016588E-06,  0.430845868491070E-05, -0.560754600394020E-05
      11,      -1,  0.000000000000000E+00, -0.296462361186061E-18, -0.105343012510503E-18, -0.114850046363544E-18, -0.717212569336168E-06,  0.167318382376162E-05, -0.266431036109515E-05,  0.000000000000000E+00
      11,       0,  0.000000000000000E+00, -0.205637705070240E-16, -0.677862917610423E-18,  0.531369238915447E-17,  0.494397297423391E-04, -0.104368990365643E-03, -0.657832039597503E-04,  0.593724192034600E-03
      11,       1,  0.000000000000000E+00,  0.126069479048761E-18,  0.213723052828605E-19, -0.154066525148611E-19, -0.607894201831645E-06,  0.322641770932952E-06,  0.758096942025373E-06, -0.348410333914018E-05
      12,      -1,  0.000000000000000E+00,  0.118843924092346E-18, -0.620132345714331E-18,  0.925613448343380E-19, -0.485303497009012E-06,  0.142489133206571E-05, -0.312603523049960E-05,  0.000000000000000E+00
      12,       0,  0.000000000000000E+00, -0.425924341842905E-17, -0.766379656223598E-17,  0.244442661776991E-17,  0.419099608433924E-04, -0.955617489235704E-04, -0.570704919991063E-04,  0.495603386035331E-03
      12,       1,  0.000000000000000E+00,  0.254092411335118E-19, -0.128195187521755E-18, -0.843636233220817E-20,  0.162934219295290E-06,  0.341424596662002E-06, -0.286573271204587E-05, -0.356043504296188E-06
      13,      -1,  0.000000000000000E+00, -0.253088491329662E-18, -0.117970479096907E-18, -0.162981241218323E-19, -0.416214789149857E-06,  0.126345608249817E-05, -0.284709420058252E-05,  0.000000000000000E+00
      13,       0,  0.000000000000000E+00, -0.246341170437840E-17, -0.296203597017177E-16,  0.877149467511062E-17,  0.391926337418431E-04, -0.769114082592619E-04, -0.965398961196069E-04,  0.360099288705499E-03
      13,       1,  0.000000000000000E+00, -0.678350651244034E-20,  0.171539756450705E-18,  0.296531194740469E-19,  0.127657139863022E-06,  0.361126711235447E-06, -0.248854694783890E-05,  0.112904008182646E-07
      14,      -1,  0.000000000000000E+00,  0.292838273317035E-18,  0.584185081067705E-18, -0.624880856518277E-19, -0.525081790734360E-06,  0.182589335189792E-05, -0.286170349641237E-05,  0.000000000000000E+00
      14,       0,  0.000000000000000E+00, -0.267639538258360E-17,  0.189261957263234E-16, -0.229154127327657E-17,  0.355992514354789E-04, -0.780323672661297E-04, -0.982328481292371E-04,  0.366865965086980E-03
      14,       1,  0.000000000000000E+00, -0.456101248398932E-19, -0.178454328838566E-18, -0.463916023961716E-20, -0.206194386512951E-06,  0.563994465620400E-06, -0.100163992328276E-05, -0.892048542422197E-06
      15,      -1,  0.000000000000000E+00,  0.146799088083102E-18, -0.215240823591822E-19, -0.280664077695166E-19, -0.527199062683579E-06,  0.219458189442032E-05, -0.318465843302689E-05,  0.000000000000000E+00
      15,       0,  0.000000000000000E+00, -0.103611372607730E-17, -0.232007402726241E-16, -0.583595203881254E-18,  0.302886581287651E-04, -0.830012599758439E-04, -0.913409332973259E-04,  0.424701250707159E-03
      15,       1,  0.000000000000000E+00, -0.173216454427966E-19,  0.310127881720453E-19, -0.250316430359453E-19, -0.147845338104982E-06,  0.662316727132566E-06, -0.100193201662040E-05, -0.115481916910082E-05
      16,      -1,  0.000000000000000E+00, -0.123092245786795E-19, -0.212901694499320E-18,  0.617163957074109E-21, -0.334479152223160E-06,  0.136206941349461E-05, -0.261416383754779E-05,  0.000000000000000E+00
      16,       0,  0.000000000000000E+00,  0.887810140215664E-18, -0.202631919744598E-17,  0.106255008544226E-17,  0.297318356481971E-04, -0.671178741899637E-04, -0.115582315928751E-03,  0.438169422554909E-03
      16,       1,  0.000000000000000E+00,  0.887546330621281E-19, -0.375792216016049E-19,  0.654399767973620E-20,  0.335033047130938E-07,  0.414899389697146E-06, -0.132873309603277E-05, -0.845394413588774E-06
      17,      -1,  0.000000000000000E+00, -0.665128403820053E-19, -0.795434189889686E-19, -0.733361572662655E-20, -0.917788135164077E-07,  0.635931965983676E-08,  0.148610530532850E-05,  0.000000000000000E+00
      17,       0,  0.000000000000000E+00,  0.273219447100739E-18, -0.848138571696571E-18, -0.223362740488615E-18,  0.401838477444210E-04, -0.337016950115725E-04, -0.179090021352649E-03,  0.416795819274881E-03
      17,       1,  0.000000000000000E+00,  0.177826603981578E-19, -0.636942873504300E-19,  0.180992318072811E-20,  0.128832951144007E-06, -0.311841635225273E-06, -0.622413670004318E-06, -0.565376016520736E-06
      18,      -1,  0.000000000000000E+00, -0.812155590025179E-17,  0.305788590193241E-18,  0.139240204376542E-19, -0.871594513256687E-08,  0.297554749523737E-06, -0.695210625709115E-06,  0.000000000000000E+00
      18,       0,  0.000000000000000E+00,  0.379956264546610E-14,  0.405582950197094E-16, -0.695461667859292E-18,  0.412778804298217E-04, -0.382109156471710E-04, -0.211214884062227E-03,  0.404685478947730E-03
      18,       1,  0.000000000000000E+00, -0.774981821743240E-17,  0.672939050323038E-18,  0.303972083934004E-20,  0.746328293409586E-07,  0.900573456200533E-10, -0.993125174081388E-06, -0.562824240544657E-06
      19,      -1,  0.000000000000000E+00,  0.603486256637265E-17, -0.311599789950340E-19, -0.463687397215990E-20,  0.101612689741002E-06,  0.985301426279600E-06, -0.221355228349182E-05,  0.000000000000000E+00
      19,       0,  0.000000000000000E+00, -0.436995464934314E-14,  0.101568572600675E-16,  0.235153709057317E-17, -0.162688749220702E-04, -0.650221286392063E-04,  0.847977288882299E-04,  0.410742994688377E-03
      19,       1,  0.000000000000000E+00, -0.273068016732699E-16,  0.160782686866663E-18, -0.163238567315486E-20, -0.111334455031119E-06,  0.635528304984673E-06, -0.160498896347256E-05, -0.594122059696112E-06
      20,      -1,  0.000000000000000E+00,  0.595325137883844E-17,  0.719562701471219E-20, -0.572854245994521E-20,  0.244819121679996E-06,  0.253727479364718E-06, -0.498762151786551E-06,  0.000000000000000E+00
      20,       0,  0.000000000000000E+00, -0.446038440798587E-14,  0.251728295634450E-16, -0.359815896247921E-18, -0.172796603284134E-04, -0.761610731058247E-04,  0.933143961863028E-04,  0.417451545115846E-03
      20,       1,  0.000000000000000E+00, -0.336824163646321E-16,  0.111464295063473E-18, -0.281330240372254E-19, -0.125818121669457E-06,  0.675453675982403E-06, -0.293815477677491E-05, -0.578918411388241E-06
## LA: m,n,LA(1:nbase,iMode) ##############################################################################
       0,       1, -0.122258176387898E-03, -0.122258176387898E-03, -0.105525590958183E-03, -0.302289565244671E-04, -0.566743416464563E-04, -0.116775052397530E-03, -0.115869009768956E-03, -0.109583751743911E-03
       1,      -1,  0.160308833429068E-17,  0.126306520895986E-04,  0.378919562687973E-04,  0.223310314136624E-04,  0.431066307579850E-04,  0.154060641487651E-03,  0.596469976255969E-04,  0.262839837299077E-04
       1,       0,  0.548381483096104E-15,  0.129388576260491E-01,  0.388165728781474E-01,  0.770957439188315E-01,  0.140488987360914E+00,  0.218405893650757E+00,  0.288252914925140E+00,  0.311380024134559E+00
       1,       1,  0.577307292320070E-18,  0.127332472015689E-04,  0.381997416047060E-04,  0.810084733241785E-04,  0.955693966956286E-04, -0.328390374028410E-04,  0.179107002149893E-03, -0.109008706636315E-04
       2,      -1,  0.267106559327121E-19, -0.642915256654854E-18,  0.116924808962695E-04,  0.643086449294850E-04, -0.529475914793472E-04,  0.143967740548142E-03, -0.460782760349807E-04,  0.532874408185402E-05
       2,       0, -0.467656880865721E-16,  0.145903077104759E-14, -0.349321447757817E-02, -0.192126796266817E-01, -0.493243326800164E-01, -0.832158898295352E-01, -0.797591991390760E-01, -0.885479291767703E-01
       2,       1,  0.329382689464129E-19,  0.249427907208208E-17,  0.195896701401390E-06,  0.107743185771241E-05,  0.338207328008809E-04,  0.510113027754944E-04,  0.203818663597357E-03,  0.241450987781234E-03
       3,      -1,  0.677214710733247E-19, -0.348581358703636E-17,  0.324215982648872E-17,  0.526279522864888E-05,  0.171778043782186E-04, -0.104698161218950E-03, -0.231656172923441E-04, -0.728557174014035E-05
       3,       0, -0.279741302573114E-16,  0.185397148714003E-15, -0.187448502512900E-15, -0.156503553005156E-02, -0.985725966454201E-02, -0.240754460357947E-01, -0.373000138117012E-01, -0.395436752490935E-01
       3,       1,  0.661598263281921E-20, -0.178250177929763E-16,  0.503522405561963E-18, -0.332666053050157E-05, -0.242675660174603E-04, -0.539009625880781E-04,  0.233214055405143E-03,  0.961365263759179E-04
       4,      -1,  0.000000000000000E+00, -0.519608971136061E-18,  0.611853628611697E-19, -0.556892564032131E-19,  0.100135404562868E-04, -0.139834452564721E-03,  0.111941322831324E-04,  0.785383865642630E-05
       4,       0,  0.000000000000000E+00, -0.643572623201374E-16,  0.221546804806463E-15, -0.101710503993808E-16,  0.282939417543083E-02,  0.592376133809946E-02, -0.785784432192449E-02,  0.196866551387794E-02
       4,       1,  0.000000000000000E+00, -0.235762740972655E-18,  0.956578536240873E-18,  0.283261693431004E-19, -0.570546278161105E-05, -0.312488546270678E-04, -0.146245410195243E-04,  0.835448957146513E-05
       5,      -1,  0.000000000000000E+00,  0.726053866693527E-17,  0.232475524193643E-18,  0.749859519323277E-20,  0.819042980825543E-05, -0.426472011068244E-04,  0.182501074460174E-04,  0.116189414212867E-04
       5,       0,  0.000000000000000E+00, -0.803308802131966E-14,  0.206045612715187E-15,  0.731596053984438E-17, -0.202572187941206E-03,  0.351910041772654E-02, -0.371934114013430E-02,  0.451219746305973E-02
       5,       1,  0.000000000000000E+00, -0.381952957979641E-16,  0.404868179043974E-18, -0.473068219801408E-19,  0.101194141829816E-04,  0.119523240559254E-04,  0.170244229627933E-04, -0.145435766252926E-04
## at X1_base IP point positions (size nBase): spos,phi,chi,iota,pressure  ################################
  0.000000000000000E+00,  0.000000000000000E+00,  0.000000000000000E+00, -0.800000000000000E+00,  0.800000000000000E+06
  0.666666666666667E-01, -0.195230063526058E+00,  0.156097410450268E+00, -0.799113086419753E+00,  0.797246907873800E+06
  0.200000000000000E+00, -0.175707057173452E+01,  0.139872188553117E+01, -0.792160000000000E+00,  0.778403840000000E+06
  0.400000000000000E+00, -0.702828228693810E+01,  0.551617078051099E+01, -0.770560000000000E+00,  0.746293760000000E+06
  0.600000000000000E+00, -0.158136351456107E+02,  0.121499321550756E+02, -0.740960000000000E+00,  0.722447360000000E+06
  0.800000000000000E+00, -0.281131291477524E+02,  0.210751009760431E+02, -0.712960000000000E+00,  0.495481600000000E+06
  0.933333333333333E+00, -0.382650924511074E+02,  0.282466550705618E+02, -0.701661234567901E+00,  0.191582015912209E+06
  0.100000000000000E+01, -0.439267642933631E+02,  0.322129604817996E+02, -0.700000000000000E+00,  0.100000000000000E+06
## a_minor,r_major,volume  ################################################################################
  0.254635677092470E+01,  0.907983674064240E+01,  0.116210745253450E+04
